0 0.428125 0.73828125 0.434375 0.69765625 0.4625 0.67578125 0.4578125 0.66015625 0.44921875 0.6609375 0.4359375 0.64765625 0.425 0.56015625 0.4578125 0.50078125 0.42890625 0.4828125 0.41953125 0.484375 0.38125 0.52578125 0.365625 0.55390625 0.36484375 0.575 0.403125 0.74921875 0.41171875 0.7546875 0.428125 0.73828125
0 0.44453125 0.6109375 0.47265625 0.609375 0.47421875 0.603125 0.49765625 0.6 0.51484375 0.6046875 0.51875 0.60078125 0.5125 0.56953125 0.5421875 0.55390625 0.534375 0.54609375 0.5453125 0.53515625 0.55 0.49765625 0.49140625 0.49375 0.46640625 0.4984375 0.4328125 0.55234375 0.43203125 0.6078125 0.43828125 0.6203125 0.44453125 0.6109375
0 0.75859375 0.596875 0.77109375 0.6109375 0.77890625 0.609375 0.784375 0.59921875 0.77578125 0.578125 0.76875 0.57890625 0.75859375 0.596875
0 0.74453125 0.56875 0.7359375 0.57109375 0.73203125 0.5828125 0.73515625 0.590625 0.7484375 0.59296875 0.74453125 0.56875
0 0.69453125 0.6 0.68671875 0.596875 0.68359375 0.6015625 0.69296875 0.6140625 0.7 0.61171875 0.69453125 0.6
0 0.703125 0.57109375 0.69609375 0.5671875 0.69140625 0.575 0.69765625 0.5828125 0.703125 0.57109375
0 0.61796875 0.6578125 0.61015625 0.65 0.59609375 0.6484375 0.59453125 0.6421875 0.56015625 0.6328125 0.48046875 0.6328125 0.47265625 0.6453125 0.46171875 0.640625 0.45859375 0.6515625 0.47578125 0.6609375 0.61015625 0.6703125 0.6328125 0.66640625 0.63046875 0.6578125 0.61796875 0.6578125
0 0.69375 0.66328125 0.67890625 0.659375 0.67578125 0.6703125 0.68984375 0.6734375 0.69375 0.66328125
0 0.6796875 0.62265625 0.66796875 0.6203125 0.66640625 0.6328125 0.67578125 0.6375 0.6796875 0.62265625
0 0.62890625 0.590625 0.6234375 0.59296875 0.62421875 0.6046875 0.634375 0.60546875 0.62890625 0.590625
0 0.65625 0.63984375 0.64765625 0.634375 0.64453125 0.640625 0.65078125 0.6453125 0.65625 0.63984375
0 0.63125 0.63203125 0.62421875 0.63125 0.62265625 0.6375 0.62734375 0.640625 0.63125 0.63203125
0 0.65703125 0.578125 0.6515625 0.58046875 0.65234375 0.5953125 0.65703125 0.5984375 0.6640625 0.58984375 0.65703125 0.578125
0 0.94453125 0.5421875 0.946875 0.56328125 0.95703125 0.565625 0.959375 0.55234375 0.95234375 0.528125 0.9453125 0.53046875 0.94453125 0.5421875
0 0.9359375 0.61171875 0.92578125 0.6078125 0.92578125 0.6171875 0.93203125 0.61875 0.9359375 0.61171875
0 0.89296875 0.671875 0.884375 0.67421875 0.88515625 0.68125 0.8953125 0.68203125 0.89296875 0.671875
0 0.809375 0.61640625 0.79921875 0.6140625 0.79921875 0.621875 0.80703125 0.6234375 0.809375 0.61640625
0 0.80234375 0.5890625 0.8109375 0.58203125 0.80234375 0.5828125 0.80234375 0.5890625
0 0.78046875 0.559375 0.7875 0.55859375 0.78515625 0.5484375 0.78046875 0.559375
0 0.8171875 0.55703125 0.81015625 0.5453125 0.79765625 0.5546875 0.80234375 0.559375 0.8171875 0.55703125
0 0.5375 0.60546875 0.52578125 0.6 0.52578125 0.6078125 0.53203125 0.6109375 0.5375 0.60546875
0 0.43828125 0.61875 0.43515625 0.60625 0.43359375 0.61875 0.44765625 0.6546875 0.47578125 0.6546875 0.490625 0.64765625 0.48515625 0.615625 0.48359375 0.6265625 0.47734375 0.6140625 0.44921875 0.6125 0.43828125 0.61875
0 0.54921875 0.625 0.55546875 0.6375 0.5671875 0.63203125 0.571875 0.60703125 0.56796875 0.6 0.5515625 0.59921875 0.54921875 0.625
0 0.55 0.58203125 0.54765625 0.5703125 0.53515625 0.5859375 0.54140625 0.5890625 0.55 0.58203125
0 0.55390625 0.5515625 0.546875 0.55390625 0.54765625 0.565625 0.55234375 0.56875 0.55625 0.56328125 0.55390625 0.5515625
0 0.74140625 0.609375 0.7359375 0.61015625 0.73515625 0.6203125 0.74375 0.61953125 0.74140625 0.609375
0 0.71328125 0.609375 0.70078125 0.609375 0.69921875 0.6171875 0.70859375 0.6234375 0.721875 0.62109375 0.71328125 0.609375
0 0.71640625 0.6609375 0.709375 0.66328125 0.71015625 0.66875 0.7265625 0.66953125 0.71640625 0.6609375
0 0.73046875 0.6734375 0.74375 0.67109375 0.73359375 0.6671875 0.73046875 0.6734375
0 0.41015625 0.328125 0.41640625 0.328125 0.42734375 0.34375 0.4421875 0.31953125 0.45 0.28359375 0.4671875 0.27890625 0.490625 0.22421875 0.4609375 0.17890625 0.4625 0.16640625 0.446875 0.15859375 0.4484375 0.14140625 0.425 0.08515625 0.4234375 0.01953125 0.43671875 0.0140625 0.45390625 0.021875 0.4875 0.00390625 0.21484375 0.0015625 0.225 0.01328125 0.225 0.06015625 0.2375 0.09453125 0.2265625 0.10234375 0.2265625 0.11015625 0.2390625 0.12734375 0.2421875 0.14453125 0.259375 0.15703125 0.2984375 0.20546875 0.3 0.22890625 0.3109375 0.25546875 0.33125 0.26328125 0.328125 0.29140625 0.3421875 0.33828125 0.37109375 0.3578125 0.3859375 0.34765625 0.39140625 0.334375 0.41015625 0.328125
0 0.2359375 0.49765625 0.24375 0.50234375 0.228125 0.51484375 0.234375 0.51796875 0.2265625 0.52890625 0.225 0.57265625 0.21484375 0.5859375 0.22578125 0.5890625 0.2484375 0.55234375 0.2703125 0.53046875 0.278125 0.51484375 0.27265625 0.496875 0.2359375 0.49765625
0 0.1890625 0.62578125 0.18515625 0.615625 0.14609375 0.6234375 0.159375 0.62890625 0.14453125 0.63125 0.14453125 0.6375 0.134375 0.63203125 0.1328125 0.64140625 0.14140625 0.640625 0.146875 0.65234375 0.13984375 0.6546875 0.134375 0.64609375 0.1296875 0.69140625 0.12109375 0.6921875 0.11640625 0.703125 0.15625 0.67109375 0.1890625 0.62578125
0 0.0609375 0.76796875 0.0453125 0.79453125 0.04609375 0.803125 0.05390625 0.8078125 0.08125 0.78515625 0.090625 0.76953125 0.0875 0.76328125 0.09296875 0.7671875 0.0953125 0.76171875 0.09921875 0.7296875 0.0609375 0.76796875
0 0.196875 0.59296875 0.184375 0.61640625 0.18515625 0.628125 0.21875 0.59296875 0.21484375 0.584375 0.196875 0.59296875