0 0.26171875 0.428125 0.30234375 0.434375 0.32421875 0.4625 0.33984375 0.4578125 0.3390625 0.44921875 0.35234375 0.4359375 0.43984375 0.425 0.49921875 0.4578125 0.5171875 0.42890625 0.515625 0.41953125 0.47421875 0.38125 0.44609375 0.365625 0.425 0.36484375 0.25078125 0.403125 0.2453125 0.41171875 0.26171875 0.428125
0 0.3890625 0.44453125 0.390625 0.47265625 0.396875 0.47421875 0.4 0.49765625 0.3953125 0.51484375 0.39921875 0.51875 0.43046875 0.5125 0.44609375 0.5421875 0.45390625 0.534375 0.46484375 0.5453125 0.50234375 0.55 0.50625 0.49140625 0.5015625 0.46640625 0.44765625 0.4328125 0.3921875 0.43203125 0.3796875 0.43828125 0.3890625 0.44453125
0 0.403125 0.75859375 0.3890625 0.77109375 0.390625 0.77890625 0.40078125 0.784375 0.421875 0.77578125 0.42109375 0.76875 0.403125 0.75859375
0 0.43125 0.74453125 0.42890625 0.7359375 0.4171875 0.73203125 0.409375 0.73515625 0.40703125 0.7484375 0.43125 0.74453125
0 0.4 0.69453125 0.403125 0.68671875 0.3984375 0.68359375 0.3859375 0.69296875 0.38828125 0.7 0.4 0.69453125
0 0.42890625 0.703125 0.4328125 0.69609375 0.425 0.69140625 0.4171875 0.69765625 0.42890625 0.703125
0 0.3421875 0.61796875 0.35 0.61015625 0.3515625 0.59609375 0.3578125 0.59453125 0.3671875 0.56015625 0.3671875 0.48046875 0.3546875 0.47265625 0.359375 0.46171875 0.3484375 0.45859375 0.3390625 0.47578125 0.3296875 0.61015625 0.33359375 0.6328125 0.3421875 0.63046875 0.3421875 0.61796875
0 0.33671875 0.69375 0.340625 0.67890625 0.3296875 0.67578125 0.3265625 0.68984375 0.33671875 0.69375
0 0.37734375 0.6796875 0.3796875 0.66796875 0.3671875 0.66640625 0.3625 0.67578125 0.37734375 0.6796875
0 0.409375 0.62890625 0.40703125 0.6234375 0.3953125 0.62421875 0.39453125 0.634375 0.409375 0.62890625
0 0.36015625 0.65625 0.365625 0.64765625 0.359375 0.64453125 0.3546875 0.65078125 0.36015625 0.65625
0 0.36796875 0.63125 0.36875 0.62421875 0.3625 0.62265625 0.359375 0.62734375 0.36796875 0.63125
0 0.421875 0.65703125 0.41953125 0.6515625 0.4046875 0.65234375 0.4015625 0.65703125 0.41015625 0.6640625 0.421875 0.65703125
0 0.4578125 0.94453125 0.43671875 0.946875 0.434375 0.95703125 0.44765625 0.959375 0.471875 0.95234375 0.46953125 0.9453125 0.4578125 0.94453125
0 0.38828125 0.9359375 0.3921875 0.92578125 0.3828125 0.92578125 0.38125 0.93203125 0.38828125 0.9359375
0 0.328125 0.89296875 0.32578125 0.884375 0.31875 0.88515625 0.31796875 0.8953125 0.328125 0.89296875
0 0.38359375 0.809375 0.3859375 0.79921875 0.378125 0.79921875 0.3765625 0.80703125 0.38359375 0.809375
0 0.4109375 0.80234375 0.41796875 0.8109375 0.4171875 0.80234375 0.4109375 0.80234375
0 0.440625 0.78046875 0.44140625 0.7875 0.4515625 0.78515625 0.440625 0.78046875
0 0.44296875 0.8171875 0.4546875 0.81015625 0.4453125 0.79765625 0.440625 0.80234375 0.44296875 0.8171875
0 0.39453125 0.5375 0.4 0.52578125 0.3921875 0.52578125 0.3890625 0.53203125 0.39453125 0.5375
0 0.38125 0.43828125 0.39375 0.43515625 0.38125 0.43359375 0.3453125 0.44765625 0.3453125 0.47578125 0.35234375 0.490625 0.384375 0.48515625 0.3734375 0.48359375 0.3859375 0.47734375 0.3875 0.44921875 0.38125 0.43828125
0 0.375 0.54921875 0.3625 0.55546875 0.36796875 0.5671875 0.39296875 0.571875 0.4 0.56796875 0.40078125 0.5515625 0.375 0.54921875
0 0.41796875 0.55 0.4296875 0.54765625 0.4140625 0.53515625 0.4109375 0.54140625 0.41796875 0.55
0 0.4484375 0.55390625 0.44609375 0.546875 0.434375 0.54765625 0.43125 0.55234375 0.43671875 0.55625 0.4484375 0.55390625
0 0.390625 0.74140625 0.38984375 0.7359375 0.3796875 0.73515625 0.38046875 0.74375 0.390625 0.74140625
0 0.390625 0.71328125 0.390625 0.70078125 0.3828125 0.69921875 0.3765625 0.70859375 0.37890625 0.721875 0.390625 0.71328125
0 0.3390625 0.71640625 0.33671875 0.709375 0.33125 0.71015625 0.33046875 0.7265625 0.3390625 0.71640625
0 0.3265625 0.73046875 0.32890625 0.74375 0.3328125 0.73359375 0.3265625 0.73046875
0 0.671875 0.41015625 0.671875 0.41640625 0.65625 0.42734375 0.68046875 0.4421875 0.71640625 0.45 0.72109375 0.4671875 0.77578125 0.490625 0.82109375 0.4609375 0.83359375 0.4625 0.84140625 0.446875 0.85859375 0.4484375 0.91484375 0.425 0.98046875 0.4234375 0.9859375 0.43671875 0.978125 0.45390625 0.99609375 0.4875 0.9984375 0.21484375 0.98671875 0.225 0.93984375 0.225 0.90546875 0.2375 0.89765625 0.2265625 0.88984375 0.2265625 0.87265625 0.2390625 0.85546875 0.2421875 0.84296875 0.259375 0.79453125 0.2984375 0.77109375 0.3 0.74453125 0.3109375 0.73671875 0.33125 0.70859375 0.328125 0.66171875 0.3421875 0.6421875 0.37109375 0.65234375 0.3859375 0.665625 0.39140625 0.671875 0.41015625
0 0.50234375 0.2359375 0.49765625 0.24375 0.48515625 0.228125 0.48203125 0.234375 0.47109375 0.2265625 0.42734375 0.225 0.4140625 0.21484375 0.4109375 0.22578125 0.44765625 0.2484375 0.46953125 0.2703125 0.48515625 0.278125 0.503125 0.27265625 0.50234375 0.2359375
0 0.37421875 0.1890625 0.384375 0.18515625 0.3765625 0.14609375 0.37109375 0.159375 0.36875 0.14453125 0.3625 0.14453125 0.36796875 0.134375 0.35859375 0.1328125 0.359375 0.14140625 0.34765625 0.146875 0.3453125 0.13984375 0.35390625 0.134375 0.30859375 0.1296875 0.3078125 0.12109375 0.296875 0.11640625 0.32890625 0.15625 0.37421875 0.1890625
0 0.23203125 0.0609375 0.20546875 0.0453125 0.196875 0.04609375 0.1921875 0.05390625 0.21484375 0.08125 0.23046875 0.090625 0.23671875 0.0875 0.2328125 0.09296875 0.23828125 0.0953125 0.2703125 0.09921875 0.23203125 0.0609375
0 0.40703125 0.196875 0.38359375 0.184375 0.371875 0.18515625 0.40703125 0.21875 0.415625 0.21484375 0.40703125 0.196875