0 0.48515625 0.478125 0.5203125 0.62421875 0.53828125 0.6453125 0.54375 0.56953125 0.55859375 0.571875 0.56953125 0.54375 0.5875 0.54453125 0.59375 0.51171875 0.6015625 0.50390625 0.5953125 0.44296875 0.60390625 0.4390625 0.61953125 0.453125 0.67421875 0.446875 0.69921875 0.453125 0.7015625 0.44140625 0.65390625 0.4125 0.51796875 0.4265625 0.4890625 0.43515625 0.48515625 0.478125
0 0.571875 0.59453125 0.56015625 0.5828125 0.55390625 0.590625 0.56328125 0.609375 0.571875 0.60390625 0.571875 0.59453125
0 0.57265625 0.6671875 0.53984375 0.665625 0.52890625 0.6796875 0.56328125 0.6828125 0.578125 0.67578125 0.57265625 0.6671875
0 0.58046875 0.7671875 0.58828125 0.765625 0.59375 0.75390625 0.58828125 0.746875 0.55859375 0.746875 0.54140625 0.75 0.53828125 0.759375 0.54765625 0.765625 0.58046875 0.7671875
0 0.53515625 0.8328125 0.54296875 0.8375 0.58046875 0.8359375 0.5859375 0.83203125 0.5875 0.80703125 0.53984375 0.8046875 0.53515625 0.8328125
0 0.659375 0.82265625 0.64453125 0.8171875 0.63984375 0.828125 0.65546875 0.8328125 0.659375 0.82265625
0 0.54765625 0.084375 0.55859375 0.0984375 0.56875 0.09765625 0.5703125 0.08203125 0.56328125 0.0625 0.546875 0.06640625 0.54765625 0.084375
0 0.725 0.06796875 0.73984375 0.078125 0.7421875 0.06796875 0.7578125 0.05390625 0.7546875 0.00078125 0.73046875 0 0.70078125 0.0171875 0.6890625 0.02890625 0.696875 0.05078125 0.68046875 0.05625 0.67890625 0.065625 0.69296875 0.06875 0.70546875 0.053125 0.71640625 0.0515625 0.725 0.06796875
0 0.734375 0.16015625 0.7390625 0.24453125 0.72734375 0.25625 0.72890625 0.2609375 0.74609375 0.2625 0.75546875 0.278125 0.7671875 0.27109375 0.7703125 0.19296875 0.75546875 0.1359375 0.74375 0.14140625 0.734375 0.16015625
0 0.76328125 0.415625 0.77109375 0.4140625 0.775 0.32734375 0.76796875 0.3203125 0.75546875 0.31875 0.75 0.32421875 0.74453125 0.378125 0.75 0.40234375 0.76328125 0.415625
0 0.7546875 0.48515625 0.7609375 0.50234375 0.75546875 0.5265625 0.76484375 0.54375 0.7765625 0.53984375 0.775 0.46171875 0.7828125 0.43828125 0.76796875 0.4140625 0.7546875 0.42890625 0.759375 0.46328125 0.7546875 0.48515625
0 0.53359375 0.98125 0.56328125 0.9921875 0.596875 0.98515625 0.51640625 0.971875 0.47265625 0.9578125 0.45390625 0.95625 0.44765625 0.9625 0.46953125 0.975 0.53359375 0.98125
0 0.31171875 0.934375 0.32890625 0.9484375 0.4 0.95078125 0.39140625 0.9421875 0.37109375 0.9375 0.31796875 0.9296875 0.31171875 0.934375
0 0.75390625 0.871875 0.77109375 0.88125 0.7796875 0.87421875 0.7796875 0.86640625 0.77265625 0.859375 0.76171875 0.859375 0.75390625 0.871875
0 0.80234375 0.978125 0.78203125 0.9796875 0.77890625 0.9921875 0.78359375 1 0.8109375 0.99921875 0.80234375 0.978125
0 0.51640625 0.0765625 0.5046875 0.08359375 0.50546875 0.090625 0.5171875 0.09453125 0.51640625 0.0765625
0 0.4703125 0.10390625 0.44765625 0.103125 0.44609375 0.1125 0.45390625 0.11875 0.46953125 0.1125 0.4703125 0.10390625
0 0.2984375 0.47421875 0.28046875 0.46875 0.27734375 0.48125 0.29453125 0.484375 0.2984375 0.47421875