0 0.61171875 0.4671875 0.63515625 0.4671875 0.64609375 0.4734375 0.65703125 0.4515625 0.69765625 0.4546875 0.7015625 0.44140625 0.66328125 0.4140625 0.65234375 0.4125 0.52734375 0.425 0.4890625 0.43515625 0.48515625 0.4765625 0.51875 0.62421875 0.5328125 0.64765625 0.5296875 0.67578125 0.53984375 0.68125 0.57265625 0.6796875 0.5765625 0.66953125 0.5671875 0.61171875 0.5734375 0.59609375 0.5640625 0.58203125 0.56875 0.57890625 0.5640625 0.56953125 0.596875 0.53828125 0.5953125 0.51484375 0.603125 0.50703125 0.603125 0.47734375 0.61171875 0.4671875
0 0.54453125 0.0890625 0.56171875 0.090625 0.5703125 0.06328125 0.54921875 0.0625 0.53984375 0.0796875 0.54453125 0.0890625
0 0.50546875 0.0890625 0.51640625 0.0953125 0.5265625 0.07578125 0.51484375 0.075 0.50546875 0.0890625
0 0.45078125 0.1203125 0.46953125 0.1140625 0.471875 0.10390625 0.45234375 0.1015625 0.44296875 0.1109375 0.45078125 0.1203125
0 0.73984375 0.0765625 0.740625 0.06796875 0.7578125 0.05390625 0.7515625 0.01484375 0.7546875 0.00078125 0.73046875 0 0.70078125 0.0171875 0.690625 0.02734375 0.69140625 0.034375 0.70546875 0.053125 0.72109375 0.053125 0.725 0.06796875 0.73984375 0.0765625
0 0.75234375 0.278125 0.76484375 0.275 0.7703125 0.26640625 0.7703125 0.18984375 0.75546875 0.1375 0.7453125 0.14140625 0.734375 0.16015625 0.7328125 0.18203125 0.740625 0.19296875 0.7359375 0.20859375 0.7390625 0.24453125 0.728125 0.25390625 0.72890625 0.2609375 0.74765625 0.2640625 0.75234375 0.278125
0 0.7546875 0.50703125 0.753125 0.52578125 0.759375 0.53984375 0.76953125 0.5453125 0.7765625 0.53828125 0.775 0.46328125 0.7828125 0.43671875 0.7734375 0.41171875 0.7734375 0.32578125 0.75859375 0.31875 0.75 0.32421875 0.7484375 0.36640625 0.7421875 0.37265625 0.746875 0.40078125 0.74296875 0.45625 0.7546875 0.50703125
0 0.55703125 0.746875 0.54296875 0.75 0.53984375 0.7609375 0.58828125 0.765625 0.59375 0.75234375 0.58203125 0.7453125 0.55703125 0.746875
0 0.54921875 0.815625 0.57890625 0.815625 0.5859375 0.80546875 0.55078125 0.8046875 0.54921875 0.815625
0 0.57265625 0.8390625 0.584375 0.83359375 0.584375 0.82421875 0.56796875 0.815625 0.54140625 0.8171875 0.53515625 0.834375 0.54296875 0.840625 0.57265625 0.8390625
0 0.65859375 0.834375 0.6640625 0.82734375 0.6625 0.81328125 0.64453125 0.815625 0.64140625 0.83125 0.65859375 0.834375
0 0.76015625 0.8734375 0.76953125 0.8796875 0.778125 0.86796875 0.76640625 0.8609375 0.76015625 0.8734375
0 0.58203125 1 0.621875 0.99921875 0.59609375 0.984375 0.52421875 0.975 0.49296875 0.9625 0.45234375 0.959375 0.44921875 0.965625 0.47109375 0.9765625 0.51640625 0.984375 0.51171875 0.990625 0.52578125 0.984375 0.58203125 1
0 0.38203125 0.9546875 0.4046875 0.95078125 0.37109375 0.9375 0.32109375 0.934375 0.32109375 0.9421875 0.38203125 0.9546875
0 0.78984375 1 0.8109375 0.99921875 0.80234375 0.98125 0.78359375 0.9796875 0.77890625 0.990625 0.78984375 1