0 0.55546875 0.5171875 0.54609375 0.525 0.5390625 0.52265625 0.5421875 0.46015625 0.53671875 0.4421875 0.521875 0.46015625 0.5125 0.49453125 0.5 0.56796875 0.4875 0.58984375 0.48671875 0.63125 0.4875 0.65078125 0.49453125 0.659375 0.63671875 0.6765625 0.66328125 0.6765625 0.7015625 0.64921875 0.7015625 0.63828125 0.69453125 0.6359375 0.68359375 0.64375 0.62578125 0.640625 0.59921875 0.65625 0.590625 0.65078125 0.6 0.58671875 0.5921875 0.58203125 0.5890625 0.54765625 0.58359375 0.54375 0.57109375 0.5609375 0.5609375 0.52265625 0.55546875 0.5171875
0 0.76796875 0.4421875 0.76328125 0.4515625 0.75625 0.43828125 0.7609375 0.42109375 0.771875 0.41640625 0.771875 0.33046875 0.76875 0.18828125 0.75546875 0.1375 0.746875 0.13984375 0.7359375 0.16015625 0.746875 0.20859375 0.740625 0.24765625 0.72890625 0.2578125 0.73671875 0.25625 0.7453125 0.26328125 0.753125 0.30078125 0.7578125 0.30234375 0.7484375 0.31796875 0.7484375 0.36640625 0.74375 0.37265625 0.75 0.41328125 0.75625 0.41640625 0.75 0.42421875 0.75 0.45390625 0.7578125 0.46640625 0.7515625 0.47109375 0.75546875 0.4875 0.76328125 0.475 0.7734375 0.47890625 0.7734375 0.45234375 0.76796875 0.4421875
0 0.73046875 0 0.69921875 0.01875 0.69140625 0.034375 0.70546875 0.0515625 0.72109375 0.0515625 0.72890625 0.0703125 0.73984375 0.0625 0.75078125 0.0640625 0.7578125 0.05234375 0.753125 0.00078125 0.73046875 0
0 0.5703125 0.06171875 0.55234375 0.059375 0.53984375 0.0765625 0.54453125 0.0875 0.56015625 0.090625 0.5703125 0.06171875
0 0.5265625 0.07578125 0.51484375 0.075 0.50546875 0.0890625 0.51640625 0.0953125 0.5265625 0.07578125
0 0.4703125 0.10234375 0.44765625 0.103125 0.44765625 0.1171875 0.46953125 0.1140625 0.4703125 0.10234375
0 0.5203125 0.18984375 0.50703125 0.1859375 0.49921875 0.2015625 0.50078125 0.209375 0.50859375 0.209375 0.5203125 0.18984375
0 0.53984375 0.7625 0.58828125 0.765625 0.59375 0.75390625 0.58828125 0.746875 0.55859375 0.746875 0.54296875 0.75 0.53984375 0.7625
0 0.584375 0.80546875 0.54921875 0.8046875 0.54765625 0.8140625 0.55234375 0.81875 0.58046875 0.8140625 0.584375 0.80546875
0 0.584375 0.82265625 0.57578125 0.81875 0.53984375 0.8203125 0.53203125 0.8328125 0.54140625 0.8515625 0.57421875 0.85 0.5890625 0.84140625 0.584375 0.82265625
0 0.66171875 0.809375 0.64921875 0.809375 0.640625 0.81328125 0.63828125 0.828125 0.64453125 0.834375 0.66953125 0.8328125 0.675 0.81953125 0.66171875 0.809375
0 0.58828125 0.96875 0.53203125 0.9671875 0.52421875 0.9609375 0.51171875 0.9671875 0.51015625 0.9515625 0.50546875 0.95625 0.49765625 0.9515625 0.45390625 0.953125 0.45078125 0.9609375 0.45390625 0.9671875 0.48359375 0.975 0.51015625 0.971875 0.596875 0.98515625 0.58828125 0.96875
0 0.31171875 0.928125 0.3125 0.93515625 0.33046875 0.946875 0.421875 0.95234375 0.40234375 0.9390625 0.36796875 0.9296875 0.33203125 0.93125 0.32578125 0.9234375 0.31328125 0.9234375 0.31171875 0.928125
0 0.778125 0.86796875 0.76640625 0.8609375 0.76015625 0.875 0.77265625 0.878125 0.778125 0.86796875
0 0.79609375 0.98125 0.78046875 0.98125 0.77890625 0.990625 0.78828125 1 0.8109375 0.99921875 0.79609375 0.98125