0 0.38828125 0.5328125 0.36484375 0.5328125 0.35390625 0.5265625 0.34296875 0.5484375 0.30234375 0.5453125 0.2984375 0.55859375 0.33671875 0.5859375 0.34765625 0.5875 0.47265625 0.575 0.5109375 0.56484375 0.51484375 0.5234375 0.48125 0.37578125 0.4671875 0.35234375 0.4703125 0.32421875 0.46015625 0.31875 0.42734375 0.3203125 0.4234375 0.33046875 0.4328125 0.38828125 0.4265625 0.40390625 0.4359375 0.41796875 0.43125 0.42109375 0.4359375 0.43046875 0.403125 0.46171875 0.4046875 0.48515625 0.396875 0.49296875 0.396875 0.52265625 0.38828125 0.5328125
0 0.45546875 0.9109375 0.43828125 0.909375 0.4296875 0.93671875 0.45078125 0.9375 0.46015625 0.9203125 0.45546875 0.9109375
0 0.49453125 0.9109375 0.48359375 0.9046875 0.4734375 0.92421875 0.48515625 0.925 0.49453125 0.9109375
0 0.54921875 0.8796875 0.53046875 0.8859375 0.528125 0.89609375 0.54765625 0.8984375 0.55703125 0.8890625 0.54921875 0.8796875
0 0.26015625 0.9234375 0.259375 0.93203125 0.2421875 0.94609375 0.2484375 0.98515625 0.2453125 0.99921875 0.26953125 1 0.29921875 0.9828125 0.309375 0.97265625 0.30859375 0.965625 0.29453125 0.946875 0.27890625 0.946875 0.275 0.93203125 0.26015625 0.9234375
0 0.24765625 0.721875 0.23515625 0.725 0.2296875 0.73359375 0.2296875 0.81015625 0.24453125 0.8625 0.2546875 0.85859375 0.265625 0.83984375 0.2671875 0.81796875 0.259375 0.80703125 0.2640625 0.79140625 0.2609375 0.75546875 0.271875 0.74609375 0.27109375 0.7390625 0.25234375 0.7359375 0.24765625 0.721875
0 0.2453125 0.49296875 0.246875 0.47421875 0.240625 0.46015625 0.23046875 0.4546875 0.2234375 0.46171875 0.225 0.53671875 0.2171875 0.56328125 0.2265625 0.58828125 0.2265625 0.67421875 0.24140625 0.68125 0.25 0.67578125 0.2515625 0.63359375 0.2578125 0.62734375 0.253125 0.59921875 0.25703125 0.54375 0.2453125 0.49296875
0 0.44296875 0.253125 0.45703125 0.25 0.46015625 0.2390625 0.41171875 0.234375 0.40625 0.24765625 0.41796875 0.2546875 0.44296875 0.253125
0 0.45078125 0.184375 0.42109375 0.184375 0.4140625 0.19453125 0.44921875 0.1953125 0.45078125 0.184375
0 0.42734375 0.1609375 0.415625 0.16640625 0.415625 0.17578125 0.43203125 0.184375 0.45859375 0.1828125 0.46484375 0.165625 0.45703125 0.159375 0.42734375 0.1609375
0 0.34140625 0.165625 0.3359375 0.17265625 0.3375 0.18671875 0.35546875 0.184375 0.35859375 0.16875 0.34140625 0.165625
0 0.23984375 0.1265625 0.23046875 0.1203125 0.221875 0.13203125 0.23359375 0.1390625 0.23984375 0.1265625
0 0.41796875 0 0.378125 0.00078125 0.40390625 0.015625 0.47578125 0.025 0.50703125 0.0375 0.54765625 0.040625 0.55078125 0.034375 0.52890625 0.0234375 0.48359375 0.015625 0.48828125 0.009375 0.47421875 0.015625 0.41796875 0
0 0.61796875 0.0453125 0.5953125 0.04921875 0.62890625 0.0625 0.67890625 0.065625 0.67890625 0.0578125 0.61796875 0.0453125
0 0.21015625 0 0.1890625 0.00078125 0.19765625 0.01875 0.21640625 0.0203125 0.22109375 0.009375 0.21015625 0