0 0.5296875 0.58671875 0.53828125 0.5921875 0.57578125 0.5890625 0.5671875 0.46484375 0.57109375 0.4859375 0.58359375 0.471875 0.59140625 0.484375 0.59921875 0.484375 0.60390625 0.46875 0.62265625 0.4671875 0.63125 0.45390625 0.625 0.44609375 0.6265625 0.39453125 0.63515625 0.396875 0.6484375 0.38671875 0.65859375 0.3609375 0.68515625 0.359375 0.69765625 0.365625 0.7015625 0.35078125 0.66328125 0.3234375 0.63515625 0.3234375 0.49453125 0.340625 0.4875 0.34921875 0.48671875 0.36875 0.4875 0.41171875 0.5 0.43515625 0.51875 0.53515625 0.5328125 0.56015625 0.5296875 0.58671875
0 0.58828125 0.234375 0.54140625 0.2359375 0.53828125 0.2421875 0.53984375 0.2484375 0.55703125 0.253125 0.58828125 0.253125 0.59375 0.24765625 0.58828125 0.234375
0 0.54765625 0.1953125 0.5859375 0.19453125 0.58046875 0.1859375 0.54765625 0.184375 0.54765625 0.1953125
0 0.53828125 0.165625 0.54609375 0.178125 0.57890625 0.178125 0.584375 0.16953125 0.57578125 0.1625 0.53828125 0.165625
0 0.63671875 0.175 0.64296875 0.18125 0.65546875 0.18125 0.6609375 0.17265625 0.64765625 0.165625 0.63671875 0.175
0 0.621875 0.00078125 0.57734375 0 0.54140625 0.0078125 0.52578125 0 0.49609375 0.01875 0.45078125 0.034375 0.45234375 0.0421875 0.47109375 0.0421875 0.52734375 0.025 0.59140625 0.0171875 0.621875 0.00078125
0 0.32265625 0.06875 0.3984375 0.05390625 0.32734375 0.053125 0.31171875 0.0640625 0.32265625 0.06875
0 0.77890625 0.0125 0.78203125 0.0203125 0.80390625 0.025 0.8125 0.00078125 0.78984375 0 0.77890625 0.0125
0 0.76484375 0.140625 0.778125 0.13359375 0.77421875 0.121875 0.75859375 0.1265625 0.76484375 0.140625
0 0.7609375 0.57890625 0.75625 0.56171875 0.76328125 0.55 0.76796875 0.5578125 0.7734375 0.54921875 0.7734375 0.52109375 0.76328125 0.525 0.75546875 0.5140625 0.7515625 0.52109375 0.7578125 0.53515625 0.75 0.54765625 0.75 0.57421875 0.7578125 0.58359375 0.75 0.58828125 0.7453125 0.62734375 0.7484375 0.67890625 0.7578125 0.69765625 0.753125 0.69921875 0.7484375 0.73203125 0.7375 0.74453125 0.746875 0.79453125 0.73671875 0.8328125 0.746875 0.86171875 0.75703125 0.8640625 0.7703125 0.80703125 0.771875 0.58359375 0.7609375 0.57890625
0 0.7578125 0.94765625 0.75078125 0.9375 0.73828125 0.9390625 0.72421875 0.953125 0.70859375 0.9484375 0.69375 0.95859375 0.69140625 0.9671875 0.70078125 0.9828125 0.73046875 1 0.753125 0.99921875 0.75 0.98671875 0.7578125 0.94765625
0 0.50859375 0.909375 0.51328125 0.921875 0.55234375 0.940625 0.5703125 0.93671875 0.56015625 0.9078125 0.50859375 0.909375
0 0.45390625 0.88125 0.44609375 0.8890625 0.44765625 0.896875 0.46484375 0.9 0.471875 0.89296875 0.46953125 0.8859375 0.45390625 0.88125
0 0.50859375 0.8125 0.5203125 0.80859375 0.51015625 0.79375 0.50078125 0.7953125 0.50859375 0.8125