0 0.7015625 0.44140625 0.66328125 0.4140625 0.65234375 0.4125 0.52734375 0.425 0.4890625 0.43515625 0.48515625 0.478125 0.4890625 0.50390625 0.5 0.52265625 0.5203125 0.62421875 0.53828125 0.6484375 0.5390625 0.56953125 0.54609375 0.565625 0.55703125 0.571875 0.57265625 0.5359375 0.5875 0.54296875 0.5890625 0.52109375 0.6015625 0.50078125 0.590625 0.43984375 0.59921875 0.434375 0.62734375 0.45 0.67734375 0.4453125 0.69453125 0.453125 0.7015625 0.45078125 0.7015625 0.44140625
0 0.73046875 0 0.70078125 0.0171875 0.69140625 0.034375 0.69765625 0.046875 0.71953125 0.0515625 0.72890625 0.0703125 0.75078125 0.0640625 0.7578125 0.05390625 0.7515625 0.01484375 0.7546875 0.00078125 0.73046875 0
0 0.5703125 0.06328125 0.55546875 0.059375 0.53984375 0.078125 0.54453125 0.0890625 0.55859375 0.0921875 0.5703125 0.06328125
0 0.51796875 0.075 0.5046875 0.08359375 0.50546875 0.090625 0.5171875 0.09453125 0.51796875 0.075
0 0.4703125 0.10390625 0.44765625 0.103125 0.44609375 0.1125 0.45546875 0.11875 0.46953125 0.1125 0.4703125 0.10390625
0 0.58828125 0.746875 0.56015625 0.746875 0.54296875 0.7515625 0.53984375 0.759375 0.54453125 0.7640625 0.58828125 0.765625 0.59375 0.75390625 0.58828125 0.746875
0 0.53984375 0.803125 0.58359375 0.809375 0.59375 0.80078125 0.5921875 0.78515625 0.58046875 0.7796875 0.54765625 0.78125 0.53984375 0.803125
0 0.53984375 0.834375 0.58046875 0.8359375 0.5859375 0.83046875 0.5828125 0.81328125 0.55078125 0.8125 0.540625 0.82109375 0.53984375 0.834375
0 0.52578125 0.975 0.47109375 0.959375 0.45234375 0.959375 0.45078125 0.965625 0.47109375 0.975 0.56484375 0.9921875 0.596875 0.98515625 0.52578125 0.975
0 0.36953125 0.9375 0.33984375 0.9375 0.32421875 0.93125 0.31171875 0.9359375 0.32734375 0.9484375 0.39296875 0.9578125 0.409375 0.95390625 0.36953125 0.9375
0 0.75859375 0.1375 0.7421875 0.13828125 0.73359375 0.1828125 0.76015625 0.2015625 0.76875 0.19921875 0.75859375 0.1375
0 0.771875 0.23671875 0.78125 0.23046875 0.78359375 0.209375 0.7875 0.21640625 0.7875 0.20234375 0.77578125 0.203125 0.771875 0.18828125 0.76328125 0.18125 0.75234375 0.1796875 0.74375 0.18671875 0.753125 0.21015625 0.74375 0.21953125 0.74140625 0.2375 0.74453125 0.2484375 0.76796875 0.25 0.771875 0.23671875
0 0.7625 0.37734375 0.765625 0.38515625 0.75390625 0.4015625 0.7640625 0.40078125 0.7546875 0.43828125 0.76796875 0.4640625 0.784375 0.44296875 0.7703125 0.40703125 0.775 0.38359375 0.77109375 0.371875 0.7625 0.37734375
0 0.74921875 0.3515625 0.75234375 0.3609375 0.771875 0.35703125 0.7765625 0.32734375 0.76796875 0.2875 0.75625 0.29140625 0.74921875 0.3515625
0 0.75859375 0.4875 0.7635982328125 0.49550717187500004 0.7859375 0.48359375 0.7828125 0.46796875 0.76328125 0.465625 0.75859375 0.4875
0 0.778125 0.86640625 0.76640625 0.859375 0.75703125 0.871875 0.77265625 0.8796875 0.778125 0.86640625
0 0.76796875 0.50625 0.75625 0.51640625 0.75703125 0.5265625 0.775 0.51953125 0.76796875 0.50625
0 0.56875 0.66171875 0.571875 0.64765625 0.56015625 0.65 0.55390625 0.6640625 0.54921875 0.65 0.53671875 0.653125 0.52890625 0.6796875 0.57578125 0.6796875 0.56875 0.66171875
0 0.571875 0.59296875 0.55859375 0.58125 0.55390625 0.590625 0.56328125 0.6078125 0.571875 0.60390625 0.571875 0.59296875
0 0.659375 0.82578125 0.64609375 0.8171875 0.64140625 0.8296875 0.65546875 0.8328125 0.659375 0.82578125
0 0.80078125 0.9765625 0.77734375 0.9796875 0.77578125 0.990625 0.78828125 1 0.80625 0.99921875 0.80078125 0.9765625