0 0.58359375 0.7328125 0.61328125 0.7296875 0.64296875 0.7140625 0.65078125 0.6921875 0.6875 0.67578125 0.6859375 0.65078125 0.6609375 0.64609375 0.63828125 0.653125 0.61796875 0.678125 0.54609375 0.6921875 0.5421875 0.70859375 0.58359375 0.7328125
0 0.6484375 0.65234375 0.67421875 0.665625 0.70546875 0.6640625 0.7125 0.65859375 0.71640625 0.6359375 0.72109375 0.653125 0.725 0.63046875 0.71953125 0.63125 0.721875 0.62734375 0.71015625 0.6171875 0.6921875 0.61796875 0.64609375 0.6375 0.6546875 0.64296875 0.6484375 0.65234375
0 0.5359375 0.69453125 0.47734375 0.70625 0.44609375 0.6953125 0.440625 0.70859375 0.44921875 0.725 0.53359375 0.725 0.546875 0.70234375 0.54296875 0.69375 0.5359375 0.69453125
0 0.696875 0.61953125 0.71328125 0.6265625 0.7328125 0.60703125 0.734375 0.58828125 0.7234375 0.54921875 0.71171875 0.553125 0.7078125 0.54609375 0.68203125 0.546875 0.678125 0.56640625 0.7078125 0.59765625 0.709375 0.61484375 0.696875 0.61953125
0 0.66875 0.54140625 0.6515625 0.56328125 0.70078125 0.5859375 0.7015625 0.55234375 0.66875 0.54140625
0 0.72421875 0.415625 0.734375 0.40546875 0.725 0.38828125 0.725 0.36484375 0.7390625 0.30546875 0.73203125 0.303125 0.72578125 0.309375 0.72578125 0.3046875 0.715625 0.30390625 0.71640625 0.309375 0.696875 0.30859375 0.69765625 0.415625 0.72421875 0.415625
0 0.740625 0.31328125 0.77578125 0.31875 0.7921875 0.30703125 0.8015625 0.28046875 0.79140625 0.2734375 0.7625 0.27265625 0.7546875 0.27734375 0.740625 0.31328125
0 0.35546875 0.0890625 0.41171875 0.0890625 0.43828125 0.096875 0.51328125 0.103125 0.559375 0.12109375 0.52890625 0.096875 0.49453125 0.0921875 0.48515625 0.084375 0.375 0.07265625 0.33515625 0.084375 0.328125 0.08984375 0.325 0.10546875 0.35546875 0.0890625
0 0.29609375 0.1234375 0.29140625 0.1171875 0.290625 0.13203125 0.29296875 0.1375 0.30859375 0.1390625 0.32421875 0.1546875 0.33515625 0.1546875 0.328125 0.10078125 0.3171875 0.09921875 0.3 0.10546875 0.296875 0.11640625 0.3015625 0.12109375 0.29609375 0.1234375
0 0.128125 0.19921875 0.134375 0.21484375 0.13125 0.22265625 0.13671875 0.2265625 0.1421875 0.21171875 0.11875 0.16640625 0.0578385671875 0.1597029578125 0.128125 0.19921875
0 0.003125 0.16796875 0.00703125 0.1921875 0.053125 0.16953125 0.05078125 0.1609375 0.025 0.15703125 0.003125 0.16796875
0 0.1046875 0.18359375 0.08984375 0.1734375 0.065625 0.17109375 0.04609375 0.1765625 0 0.20859375 0.00078125 0.2546875 0.01171875 0.253125 0.01484375 0.259375 0.02734375 0.253125 0.03203125 0.25625 0.04296875 0.2453125 0.05859375 0.2453125 0.06171875 0.25625 0.084375 0.25390625 0.0890625 0.22265625 0.1125 0.19140625 0.10859375 0.1875 0.10546875 0.1921875 0.1046875 0.18359375
0 0.2203125 0.56171875 0.21484375 0.5546875 0.203125 0.55546875 0.1984375 0.58671875 0.20859375 0.5921875 0.215625 0.58515625 0.2203125 0.56171875
0 0.44375 0.59921875 0.4328125 0.60703125 0.4359375 0.61015625 0.4265625 0.62265625 0.43046875 0.646875 0.4359375 0.64609375 0.44375 0.62265625 0.4609375 0.60234375 0.44375 0.59921875
0 0.44609375 0.7078125 0.453125 0.70078125 0.4421875 0.68515625 0.4375 0.65859375 0.43203125 0.653125 0.41875 0.65390625 0.4140625 0.69765625 0.44609375 0.7078125
0 0.4609375 0.59609375 0.4875 0.58828125 0.4765625 0.58515625 0.4609375 0.59609375
0 0.48828125 0.5875 0.534375 0.57578125 0.50859375 0.575 0.50390625 0.58125 0.4921875 0.57578125 0.48828125 0.5875
0 0.00625 0.46640625 0.00234375 0.4921875 0.0609375 0.48984375 0.04140625 0.46875 0.00625 0.46640625
0 0.446875 0.32109375 0.46796875 0.3328125 0.50546875 0.33125 0.5078125 0.32109375 0.4953125 0.30078125 0.46875 0.29296875 0.45 0.30859375 0.446875 0.32109375