0 0.68515625 0.65 0.665625 0.64765625 0.63828125 0.653125 0.6453125 0.65859375 0.61484375 0.6796875 0.55078125 0.6921875 0.546875 0.70390625 0.57890625 0.7328125 0.61015625 0.7328125 0.63203125 0.725 0.653125 0.70546875 0.64921875 0.7 0.67421875 0.6921875 0.69375 0.67109375 0.68671875 0.6625 0.6625 0.65859375 0.68203125 0.65625 0.68515625 0.65
0 0.66875 0.63046875 0.6625 0.65390625 0.67421875 0.68125 0.68984375 0.6828125 0.70078125 0.6765625 0.70546875 0.684375 0.7140625 0.67421875 0.7078125 0.66953125 0.715625 0.65859375 0.7125 0.65390625 0.71796875 0.6515625 0.7234375 0.65859375 0.7234375 0.62734375 0.70859375 0.6125 0.7015625 0.61328125 0.66875 0.63046875
0 0.71171875 0.6 0.7328125 0.59921875 0.740625 0.58515625 0.7375 0.56328125 0.7421875 0.56015625 0.73671875 0.553125 0.73203125 0.559375 0.72109375 0.546875 0.71484375 0.5546875 0.70546875 0.5484375 0.675 0.54609375 0.6625 0.55546875 0.67265625 0.571875 0.71171875 0.6
0 0.43828125 0.6296875 0.4578125 0.60390625 0.4421875 0.60078125 0.428125 0.60703125 0.43125 0.61328125 0.4265625 0.61796875 0.43828125 0.6296875
0 0.5336669921875 0.571728515625 0.5703125 0.56015625 0.546875 0.55859375 0.53984375 0.559375 0.5336669921875 0.571728515625
0 0.48046875 0.5984375 0.49921875 0.6 0.5015625 0.58828125 0.5140625 0.58046875 0.4921875 0.57890625 0.48671875 0.5859375 0.46953125 0.5859375 0.453125 0.60859375 0.46484375 0.603125 0.47109375 0.6078125 0.48046875 0.5984375
0 0.221875 0.56953125 0.21875 0.55859375 0.20625 0.55390625 0.196875 0.58359375 0.20234375 0.590625 0.215625 0.58359375 0.221875 0.56953125
0 0.7015625 0.37578125 0.7046875 0.39140625 0.72578125 0.4 0.725 0.35546875 0.73125 0.32890625 0.721875 0.32578125 0.7046875 0.34296875 0.7015625 0.37578125
0 0.7625 0.26484375 0.7484375 0.27578125 0.73671875 0.321875 0.7484375 0.30859375 0.7625 0.26484375
0 0.45078125 0.325 0.47734375 0.334375 0.5078125 0.33046875 0.5078125 0.31796875 0.49140625 0.296875 0.465625 0.29453125 0.446875 0.31484375 0.45078125 0.325
0 0.303125 0.11796875 0.3171875 0.14609375 0.33671875 0.153125 0.328125 0.10546875 0.340625 0.09296875 0.321875 0.09140625 0.303125 0.10546875 0.303125 0.11796875
0 0.328125 0.08515625 0.3265625 0.09921875 0.35234375 0.0890625 0.40625 0.08515625 0.39140625 0.06875 0.3625 0.06640625 0.33828125 0.071875 0.328125 0.08515625
0 0.4171875 0.06953125 0.38203125 0.0765625 0.3765625 0.08515625 0.4828125 0.09296875 0.47734375 0.084375 0.4515625 0.07734375 0.46171875 0.0765625 0.46328125 0.0703125 0.4171875 0.06953125
0 0.50078125 0.121875 0.51015625 0.1171875 0.53359375 0.1234375 0.54765625 0.115625 0.56015625 0.128125 0.56875 0.11640625 0.55859375 0.1078125 0.51015625 0.0921875 0.46875 0.09140625 0.4859375 0.10078125 0.48515625 0.1140625 0.49765625 0.1125 0.50078125 0.121875
0 0.47890625 0.140625 0.53984375 0.15625 0.5578125 0.13515625 0.55625 0.11953125 0.53515625 0.10625 0.45234375 0.090625 0.3859375 0.08671875 0.35546875 0.0875 0.33203125 0.096875 0.325 0.11015625 0.33125 0.13359375 0.47890625 0.140625
0 0.7828125 0.29140625 0.7890625 0.28203125 0.7859375 0.26953125 0.7984375 0.25859375 0.734375 0.25703125 0.73828125 0.2640625 0.74921875 0.2625 0.7515625 0.26953125 0.7265625 0.33671875 0.7265625 0.35703125 0.74921875 0.35 0.75078125 0.3578125 0.76796875 0.359375 0.78125 0.31328125 0.7875 0.31328125 0.78125 0.30546875 0.78359375 0.29375 0.78671875 0.3015625 0.790625 0.29765625 0.78828125 0.290625 0.7828125 0.29140625
0 0.6953125 0.41328125 0.76640625 0.415625 0.76953125 0.409375 0.74296875 0.40625 0.728125 0.39609375 0.7234375 0.34140625 0.696875 0.34609375 0.6953125 0.41328125
0 0.15 0.21171875 0.15 0.20234375 0.14375 0.19921875 0.15 0.18828125 0.1484375 0.17109375 0.14140625 0.1625 0.11640625 0.1609375 0.1203125 0.15234375 0.1140625 0.15234375 0.0859375 0.16328125 0.1265625 0.19921875 0.14453125 0.2234375 0.15 0.21171875
0 0 0.22265625 0.01484375 0.23125 0.04296875 0.2265625 0.04609375 0.2328125 0.09765625 0.2046875 0.1046875 0.18359375 0.08515625 0.1703125 0.0640625 0.16953125 0.04296875 0.1765625 0.00703125 0.2015625 0 0.20859375 0 0.22265625
0 0 0.28515625 0.00546875 0.2875 0.028125 0.26640625 0.0390625 0.23046875 0.0390625 0.21328125 0.0140625 0.20390625 0.0359375 0.19921875 0.0234375 0.19453125 0 0.21015625 0 0.28515625