0 0.38671875 0.7296875 0.41640625 0.7328125 0.4578125 0.70859375 0.45390625 0.6921875 0.38203125 0.678125 0.36171875 0.653125 0.3390625 0.64609375 0.3140625 0.65078125 0.3125 0.67578125 0.34921875 0.6921875 0.35703125 0.7140625 0.38671875 0.7296875
0 0.27890625 0.653125 0.28359375 0.6359375 0.2875 0.65859375 0.29453125 0.6640625 0.32578125 0.665625 0.3515625 0.65234375 0.3453125 0.64296875 0.35390625 0.6375 0.3078125 0.61796875 0.28984375 0.6171875 0.278125 0.62734375 0.28046875 0.63125 0.275 0.63046875 0.27890625 0.653125
0 0.559375 0.70859375 0.55390625 0.6953125 0.52265625 0.70625 0.4640625 0.69453125 0.45703125 0.69375 0.453125 0.70234375 0.46640625 0.725 0.55078125 0.725 0.559375 0.70859375
0 0.28671875 0.6265625 0.303125 0.61953125 0.290625 0.61484375 0.2921875 0.59765625 0.321875 0.56640625 0.31796875 0.546875 0.2921875 0.54609375 0.28828125 0.553125 0.2765625 0.54921875 0.265625 0.58828125 0.2671875 0.60703125 0.28671875 0.6265625
0 0.2984375 0.55234375 0.29921875 0.5859375 0.3484375 0.56328125 0.33125 0.54140625 0.2984375 0.55234375
0 0.275 0.36484375 0.275 0.38828125 0.265625 0.40546875 0.27578125 0.415625 0.30234375 0.415625 0.303125 0.30859375 0.28359375 0.309375 0.284375 0.30390625 0.27421875 0.3046875 0.27421875 0.309375 0.26796875 0.303125 0.2609375 0.30546875 0.275 0.36484375
0 0.259375 0.31328125 0.2453125 0.27734375 0.2375 0.27265625 0.20859375 0.2734375 0.1984375 0.28046875 0.2078125 0.30703125 0.22421875 0.31875 0.259375 0.31328125
0 0.48671875 0.103125 0.56171875 0.096875 0.58828125 0.0890625 0.64453125 0.0890625 0.675 0.10546875 0.671875 0.08984375 0.66484375 0.084375 0.625 0.07265625 0.51484375 0.084375 0.50546875 0.0921875 0.47109375 0.096875 0.440625 0.12109375 0.48671875 0.103125
0 0.70703125 0.1375 0.709375 0.13203125 0.70859375 0.1171875 0.70390625 0.1234375 0.6984375 0.12109375 0.703125 0.11640625 0.7 0.10546875 0.6828125 0.09921875 0.671875 0.10078125 0.66484375 0.1546875 0.67578125 0.1546875 0.69140625 0.1390625 0.70703125 0.1375
0 0.871875 0.19921875 0.9421614328125001 0.1597029578125 0.88125 0.16640625 0.8578125 0.21171875 0.86328125 0.2265625 0.86875 0.22265625 0.865625 0.21484375 0.871875 0.19921875
0 0.975 0.15703125 0.94921875 0.1609375 0.946875 0.16953125 0.99296875 0.1921875 0.996875 0.16796875 0.975 0.15703125
0 0.8875 0.19140625 0.9109375 0.22265625 0.915625 0.25390625 0.93828125 0.25625 0.94140625 0.2453125 0.95703125 0.2453125 0.96796875 0.25625 0.97265625 0.253125 0.98515625 0.259375 0.98828125 0.253125 0.99921875 0.2546875 1 0.20859375 0.95390625 0.1765625 0.934375 0.17109375 0.91015625 0.1734375 0.8953125 0.18359375 0.89453125 0.1921875 0.89140625 0.1875 0.8875 0.19140625
0 0.8015625 0.58671875 0.796875 0.55546875 0.78515625 0.5546875 0.7796875 0.56171875 0.784375 0.58515625 0.79140625 0.5921875 0.8015625 0.58671875
0 0.5734375 0.62265625 0.5640625 0.61015625 0.5671875 0.60703125 0.55625 0.59921875 0.5390625 0.60234375 0.55625 0.62265625 0.5640625 0.64609375 0.56953125 0.646875 0.5734375 0.62265625
0 0.55390625 0.7078125 0.5859375 0.69765625 0.58125 0.65390625 0.56796875 0.653125 0.5625 0.65859375 0.5578125 0.68515625 0.546875 0.70078125 0.55390625 0.7078125
0 0.5390625 0.59609375 0.5234375 0.58515625 0.5125 0.58828125 0.5390625 0.59609375
0 0.5078125 0.57578125 0.49609375 0.58125 0.49140625 0.575 0.465625 0.57578125 0.51171875 0.5875 0.5078125 0.57578125
0 0.95859375 0.46875 0.9390625 0.48984375 0.99765625 0.4921875 0.99375 0.46640625 0.95859375 0.46875
0 0.553125 0.32109375 0.55 0.30859375 0.53125 0.29296875 0.5046875 0.30078125 0.4921875 0.32109375 0.49453125 0.33125 0.53203125 0.3328125 0.553125 0.32109375