0 0.3703125 0.66640625 0.35234375 0.68125 0.30703125 0.684375 0.27734375 0.6921875 0.2671875 0.70078125 0.36328125 0.7109375 0.3921875 0.68515625 0.37890625 0.675 0.37578125 0.678125 0.3703125 0.66640625
0 0.3078125 0.72265625 0.32890625 0.7328125 0.34921875 0.7296875 0.35625 0.72109375 0.35625 0.70859375 0.34921875 0.7015625 0.321875 0.69609375 0.3078125 0.70859375 0.3078125 0.72265625
0 0.42578125 0.6390625 0.42734375 0.634375 0.415625 0.63359375 0.37578125 0.653125 0.3671875 0.67109375 0.39765625 0.671875 0.40703125 0.678125 0.42734375 0.6734375 0.446875 0.66015625 0.43359375 0.634375 0.42578125 0.6390625
0 0.390625 0.55546875 0.38828125 0.5609375 0.43828125 0.5875 0.44765625 0.603125 0.4703125 0.59453125 0.46953125 0.55625 0.390625 0.55546875
0 0.45390625 0.6328125 0.4671875 0.60703125 0.4453125 0.60234375 0.4265625 0.62265625 0.45390625 0.6328125
0 0.5234375 0.57578125 0.52109375 0.58125 0.51171875 0.5765625 0.4859375 0.58046875 0.53515625 0.6046875 0.55703125 0.6265625 0.56328125 0.625 0.559375 0.59453125 0.53515625 0.5921875 0.5234375 0.57578125
0 0.178125 0.26328125 0.16328125 0.2640625 0.165625 0.27109375 0.1546875 0.28046875 0.159375 0.28359375 0.153125 0.28984375 0.1578125 0.30234375 0.1515625 0.30390625 0.1453125 0.35078125 0.1515625 0.39609375 0.17421875 0.4046875 0.1765625 0.37890625 0.17109375 0.371875 0.16796875 0.3890625 0.1671875 0.35703125 0.17265625 0.3671875 0.175 0.32265625 0.196875 0.26640625 0.178125 0.26328125
0 0.2078125 0.28046875 0.209375 0.26015625 0.21875 0.25078125 0.2140625 0.24921875 0.1921875 0.26953125 0.19140625 0.2890625 0.19921875 0.278125 0.2078125 0.28046875
0 0.621875 0.08046875 0.628125 0.07734375 0.615625 0.07578125 0.51796875 0.0828125 0.51015625 0.0890625 0.50546875 0.0859375 0.4640625 0.09765625 0.46953125 0.1046875 0.60859375 0.0875 0.61953125 0.0984375 0.621875 0.08046875
0 0.4421875 0.08984375 0.43984375 0.0984375 0.4265625 0.10234375 0.425 0.11796875 0.43203125 0.1265625 0.43828125 0.1265625 0.4609375 0.10234375 0.44765625 0.0984375 0.446875 0.08984375 0.4421875 0.08984375
0 0.6625 0.09921875 0.65859375 0.09375 0.64609375 0.0984375 0.646875 0.09296875 0.640625 0.09140625 0.63046875 0.1 0.621875 0.09921875 0.621875 0.15234375 0.63203125 0.1640625 0.67890625 0.1640625 0.6625 0.12109375 0.6625 0.09921875
0 0.7125 0.08671875 0.71015625 0.078125 0.65625 0.07734375 0.6484375 0.08359375 0.66484375 0.096875 0.7125 0.08671875
0 0.490625 0.31328125 0.49140625 0.3328125 0.52421875 0.334375 0.553125 0.32109375 0.5515625 0.31171875 0.53515625 0.2953125 0.51875 0.29296875 0.50546875 0.296875 0.490625 0.31328125
0 0.915625 0.16015625 0.89453125 0.1609375 0.8796875 0.19140625 0.90078125 0.178125 0.91171875 0.1796875 0.9375 0.16796875 0.915625 0.16015625
0 0.8734375 0.19453125 0.8515625 0.21015625 0.85390625 0.2234375 0.86328125 0.2234375 0.8640625 0.21328125 0.8828125 0.19453125 0.8734375 0.19453125
0 0.78125 0.55234375 0.7765625 0.58359375 0.78359375 0.5890625 0.7921875 0.57890625 0.7953125 0.55859375 0.79140625 0.5515625 0.78125 0.55234375
0 0.9296875 0.49296875 0.99921875 0.4953125 0.9984375 0.47734375 0.99140625 0.4828125 0.95390625 0.4796875 0.9296875 0.49296875
0 0.9 0.23203125 0.9 0.24765625 0.93984375 0.2796875 0.94921875 0.2828125 0.97265625 0.271875 0.99921875 0.2828125 1 0.21015625 0.95390625 0.1765625 0.921875 0.16953125 0.89375 0.18359375 0.9 0.20546875 0.9140625 0.22109375 0.91015625 0.23125 0.9 0.23203125
0 0.61796875 0.14375 0.6203125 0.08984375 0.5875 0.08828125 0.46953125 0.1046875 0.44375 0.11640625 0.440625 0.13515625 0.45859375 0.15625 0.53515625 0.1390625 0.60703125 0.1421875 0.61640625 0.1359375 0.61796875 0.14375
0 0.1984375 0.27265625 0.1734375 0.32734375 0.1671875 0.38359375 0.17265625 0.375 0.175 0.39609375 0.18359375 0.4046875 0.2234375 0.39921875 0.2453125 0.33984375 0.2703125 0.30234375 0.2640625 0.29140625 0.2640625 0.26171875 0.2703125 0.26640625 0.2703125 0.25390625 0.25078125 0.24375 0.23125 0.24453125 0.21484375 0.2515625 0.1984375 0.27265625