0 0.69375 0.32890625 0.67421875 0.3078125 0.64921875 0.3 0.653125 0.29453125 0.63203125 0.275 0.61015625 0.2671875 0.57890625 0.2671875 0.546875 0.29609375 0.55078125 0.3078125 0.61484375 0.3203125 0.6453125 0.34140625 0.63828125 0.346875 0.665625 0.35234375 0.68515625 0.35 0.68203125 0.34375 0.6625 0.34140625 0.68671875 0.3375 0.69375 0.32890625
0 0.7125 0.34609375 0.715625 0.34140625 0.7078125 0.33046875 0.7140625 0.32578125 0.70546875 0.315625 0.70078125 0.3234375 0.68984375 0.3171875 0.67421875 0.31875 0.6625 0.34609375 0.66875 0.36953125 0.7015625 0.38671875 0.70859375 0.3875 0.7234375 0.37265625 0.7234375 0.34140625 0.71796875 0.3484375 0.7125 0.34609375
0 0.73671875 0.446875 0.7421875 0.43984375 0.7375 0.43671875 0.740625 0.41484375 0.7328125 0.40078125 0.71171875 0.4 0.67265625 0.428125 0.6625 0.44453125 0.675 0.45390625 0.70546875 0.4515625 0.71484375 0.4453125 0.72109375 0.453125 0.73203125 0.440625 0.73671875 0.446875
0 0.428125 0.39296875 0.4421875 0.39921875 0.4578125 0.39609375 0.43828125 0.3703125 0.4265625 0.38203125 0.43125 0.38671875 0.428125 0.39296875
0 0.53984375 0.440625 0.546875 0.44140625 0.5703125 0.43984375 0.5336669921875 0.428271484375 0.53984375 0.440625
0 0.47109375 0.3921875 0.46484375 0.396875 0.453125 0.39140625 0.46953125 0.4140625 0.48671875 0.4140625 0.4921875 0.42109375 0.5140625 0.41953125 0.5015625 0.41171875 0.49921875 0.4 0.48046875 0.4015625 0.47109375 0.3921875
0 0.196875 0.41640625 0.20625 0.44609375 0.21875 0.44140625 0.221875 0.43046875 0.215625 0.41640625 0.20234375 0.409375 0.196875 0.41640625
0 0.7015625 0.62421875 0.7046875 0.65703125 0.721875 0.67421875 0.73125 0.67109375 0.725 0.64453125 0.72578125 0.6 0.7046875 0.60859375 0.7015625 0.62421875
0 0.7484375 0.69140625 0.73671875 0.678125 0.7484375 0.72421875 0.7625 0.73515625 0.7484375 0.69140625
0 0.45078125 0.675 0.446875 0.68515625 0.465625 0.70546875 0.49140625 0.703125 0.5078125 0.68203125 0.5078125 0.66953125 0.47734375 0.665625 0.45078125 0.675
0 0.303125 0.88203125 0.303125 0.89453125 0.321875 0.90859375 0.340625 0.90703125 0.328125 0.89453125 0.33671875 0.846875 0.3171875 0.85390625 0.303125 0.88203125
0 0.328125 0.91484375 0.33828125 0.928125 0.3625 0.93359375 0.39140625 0.93125 0.40625 0.91484375 0.35234375 0.9109375 0.3265625 0.90078125 0.328125 0.91484375
0 0.4828125 0.90703125 0.3765625 0.91484375 0.38203125 0.9234375 0.4171875 0.93046875 0.46328125 0.9296875 0.46171875 0.9234375 0.4515625 0.92265625 0.47734375 0.915625 0.4828125 0.90703125
0 0.54765625 0.884375 0.53359375 0.8765625 0.51015625 0.8828125 0.50078125 0.878125 0.49765625 0.8875 0.48515625 0.8859375 0.4859375 0.89921875 0.46875 0.90859375 0.51015625 0.9078125 0.55859375 0.8921875 0.56875 0.88359375 0.56015625 0.871875 0.54765625 0.884375
0 0.53984375 0.84375 0.47890625 0.859375 0.33125 0.86640625 0.325 0.88984375 0.33203125 0.903125 0.35546875 0.9125 0.3859375 0.91328125 0.45234375 0.909375 0.53515625 0.89375 0.55625 0.88046875 0.5578125 0.86484375 0.53984375 0.84375
0 0.78828125 0.709375 0.790625 0.70234375 0.78671875 0.6984375 0.78359375 0.70625 0.78125 0.69453125 0.7875 0.68671875 0.78125 0.68671875 0.76796875 0.640625 0.75078125 0.6421875 0.74921875 0.65 0.7265625 0.64296875 0.7265625 0.66328125 0.7515625 0.73046875 0.74921875 0.7375 0.73828125 0.7359375 0.734375 0.74296875 0.7984375 0.74140625 0.7859375 0.73046875 0.7890625 0.71796875 0.7828125 0.70859375 0.78828125 0.709375
0 0.6953125 0.58671875 0.696875 0.65390625 0.7234375 0.65859375 0.728125 0.60390625 0.74296875 0.59375 0.76953125 0.590625 0.76640625 0.584375 0.6953125 0.58671875
0 0.15 0.81171875 0.14375 0.80078125 0.15 0.79765625 0.15 0.78828125 0.14453125 0.7765625 0.1265625 0.80078125 0.0859375 0.83671875 0.1140625 0.84765625 0.1203125 0.84765625 0.11640625 0.8390625 0.14140625 0.8375 0.1484375 0.82890625 0.15 0.81171875
0 0 0.79140625 0.00703125 0.7984375 0.04296875 0.8234375 0.0640625 0.83046875 0.08515625 0.8296875 0.1046875 0.81640625 0.09765625 0.7953125 0.04609375 0.7671875 0.04296875 0.7734375 0.01484375 0.76875 0 0.77734375 0 0.79140625
0 0 0.78984375 0.0234375 0.80546875 0.0359375 0.80078125 0.0140625 0.79609375 0.0390625 0.78671875 0.0390625 0.76953125 0.028125 0.73359375 0.00546875 0.7125 0 0.71484375 0 0.78984375