0 0.1125 0.29609375 0.1375 0.34296875 0.16328125 0.3734375 0.20078125 0.384375 0.24453125 0.36875 0.2859375 0.33203125 0.296875 0.30546875 0.29375 0.27890625 0.2796875 0.23515625 0.24375 0.18828125 0.23359375 0.1796875 0.21640625 0.18125 0.1765625 0.12734375 0.159375 0.11796875 0.11875 0.12109375 0.1265625 0.14140625 0.1 0.19296875 0.1 0.23203125 0.1125 0.29609375
0 0.45703125 0.8015625 0.47421875 0.8078125 0.49453125 0.8375 0.51953125 0.8359375 0.5125 0.77578125 0.48359375 0.7703125 0.4515625 0.74453125 0.43203125 0.7515625 0.4203125 0.76484375 0.43125 0.80078125 0.43984375 0.80625 0.45703125 0.8015625
0 0.49609375 0.9015625 0.5140625 0.88515625 0.50546875 0.875 0.49296875 0.8765625 0.4875 0.86484375 0.471875 0.87421875 0.4765625 0.88203125 0.4703125 0.89921875 0.47578125 0.903125 0.49609375 0.9015625
0 0.78359375 0.8390625 0.76328125 0.8671875 0.74609375 0.86875 0.72265625 0.8609375 0.71875 0.87109375 0.7234375 0.88203125 0.74765625 0.9015625 0.78671875 0.9078125 0.79921875 0.91875 0.81484375 0.9046875 0.86640625 0.89375 0.8765625 0.87734375 0.8421875 0.85859375 0.8421875 0.84296875 0.85234375 0.825 0.865625 0.81953125 0.8671875 0.80234375 0.8390625 0.79765625 0.81875 0.79921875 0.815625 0.83671875 0.80859375 0.8515625 0.79453125 0.8515625 0.78359375 0.8390625
0 0.784375 0.79453125 0.7875 0.76328125 0.76875 0.73984375 0.765625 0.71640625 0.75625 0.70859375 0.74921875 0.7078125 0.734375 0.72578125 0.73125 0.79296875 0.77890625 0.7984375 0.784375 0.79453125
0 0.684375 0.50078125 0.66796875 0.490625 0.64765625 0.4890625 0.6390625 0.48046875 0.61875 0.48984375 0.6203125 0.50390625 0.66484375 0.54375 0.66875 0.52421875 0.684375 0.50078125
0 0.92265625 0.46875 0.925 0.45078125 0.9484375 0.43515625 0.94140625 0.4125 0.91640625 0.409375 0.909375 0.40234375 0.890625 0.42265625 0.89375 0.43828125 0.9015625 0.44296875 0.90546875 0.475 0.92265625 0.46875
0 0.98125 0.20859375 0.978125 0.15859375 0.9703125 0.14921875 0.9640625 0.14921875 0.9484375 0.18046875 0.95078125 0.23125 0.97421875 0.221875 0.98125 0.20859375
0 0.82421875 0.0453125 0.8328125 0.01328125 0.8265625 0.00078125 0.734375 0.00078125 0.76171875 0.009375 0.78359375 0.028125 0.80703125 0.03125 0.82421875 0.0453125
0 0.2625 0.92421875 0.2796875 0.90390625 0.27109375 0.8984375 0.25234375 0.9046875 0.22734375 0.8953125 0.2203125 0.88671875 0.2171875 0.85859375 0.20859375 0.85 0.19609375 0.8515625 0.18828125 0.865625 0.17734375 0.86875 0.14609375 0.8640625 0.11015625 0.8390625 0.05390625 0.8328125 0.0296875 0.82421875 0.0359375 0.93046875 0.04453125 0.9515625 0.25078125 0.959375 0.271875 0.95546875 0.2625 0.92421875
0 0.79296875 0.2734375 0.78984375 0.2875 0.7640625 0.28828125 0.7703125 0.30859375 0.7640625 0.30859375 0.7625 0.33984375 0.76953125 0.353125 0.78203125 0.353125 0.79296875 0.3421875 0.79921875 0.346875 0.81015625 0.34375 0.82734375 0.321875 0.86484375 0.3265625 0.8984375 0.32109375 0.90625 0.30234375 0.89921875 0.2828125 0.87890625 0.284375 0.86796875 0.30625 0.85 0.29765625 0.840625 0.27109375 0.82578125 0.2734375 0.82734375 0.2796875 0.81953125 0.2734375 0.81171875 0.2890625 0.79296875 0.2734375
0 0.771875 0.29453125 0.7734375 0.28203125 0.765625 0.28203125 0.76640625 0.3515625 0.775 0.35234375 0.771875 0.32421875 0.7765625 0.32109375 0.771875 0.31484375 0.7796875 0.31328125 0.78046875 0.3375 0.7875 0.32578125 0.784375 0.31796875 0.790625 0.32265625 0.78828125 0.2921875 0.8 0.29296875 0.7953125 0.29765625 0.79921875 0.309375 0.81015625 0.3109375 0.815625 0.30546875 0.81171875 0.2953125 0.80625 0.30546875 0.8015625 0.28046875 0.7953125 0.28203125 0.79765625 0.2875 0.78671875 0.2859375 0.77734375 0.3 0.771875 0.29453125
0 0.8921875 0.28828125 0.8921875 0.31796875 0.9140625 0.32265625 0.91796875 0.35625 0.9953125 0.35390625 0.996875 0.26484375 0.99375 0.24609375 0.9859375 0.24453125 0.94609375 0.2453125 0.91953125 0.278125 0.90703125 0.2734375 0.90234375 0.2859375 0.8921875 0.28828125