0 0.44453125 0.6046875 0.46796875 0.590625 0.51484375 0.6109375 0.53515625 0.634375 0.5328125 0.61953125 0.53984375 0.615625 0.59609375 0.6109375 0.609375 0.57265625 0.6 0.52890625 0.58359375 0.5203125 0.55703125 0.525 0.54140625 0.5203125 0.51328125 0.4921875 0.49453125 0.4859375 0.4640625 0.45390625 0.42265625 0.46875 0.390625 0.50078125 0.390625 0.53046875 0.4140625 0.59921875 0.44453125 0.6046875
0 0.55390625 0.68125 0.57109375 0.684375 0.58046875 0.6765625 0.59765625 0.675 0.60703125 0.6828125 0.6171875 0.67578125 0.61875 0.65546875 0.5984375 0.60078125 0.58515625 0.6109375 0.56015625 0.6140625 0.54296875 0.6375 0.5359375 0.63515625 0.55390625 0.68125
0 0.4109375 0.79921875 0.44765625 0.8375 0.48671875 0.8421875 0.5078125 0.83515625 0.49375 0.79140625 0.5078125 0.77109375 0.48125 0.74453125 0.4640625 0.74765625 0.46015625 0.7796875 0.43203125 0.7703125 0.4140625 0.78046875 0.4109375 0.79921875
0 1 0.84140625 0.975 0.82578125 0.96484375 0.8265625 0.9578125 0.83671875 0.9578125 0.86171875 0.99453125 0.88125 1 0.87734375 1 0.84140625
0 0.2375 0.50859375 0.23828125 0.51875 0.25 0.51484375 0.246875 0.50703125 0.2375 0.50859375
0 0.33125 0.49296875 0.321875 0.50078125 0.321875 0.50859375 0.32890625 0.5125 0.334375 0.50546875 0.33125 0.49296875
0 0.2046875 0.48203125 0.20859375 0.4953125 0.2203125 0.48984375 0.215625 0.47734375 0.2046875 0.48203125
0 0.2609375 0.44921875 0.26640625 0.4609375 0.2734375 0.45546875 0.271875 0.43671875 0.2609375 0.44921875
0 0.178125 0.50859375 0.165625 0.52265625 0.16953125 0.534375 0.1765625 0.53203125 0.1859375 0.51328125 0.178125 0.50859375
0 0.3265625 0.48984375 0.33125 0.47734375 0.325 0.45703125 0.31875 0.45390625 0.30390625 0.45625 0.29375 0.47578125 0.296875 0.49140625 0.31328125 0.5 0.3265625 0.48984375
0 0.18671875 0.6171875 0.2 0.59296875 0.2 0.56015625 0.19375 0.54140625 0.1859375 0.54296875 0.16875 0.57890625 0.165625 0.61328125 0.17109375 0.61875 0.18671875 0.6171875
0 0.2390625 0.38671875 0.24140625 0.4 0.2515625 0.39296875 0.2484375 0.38359375 0.2390625 0.38671875
0 0.2484375 0.33671875 0.25234375 0.3546875 0.2609375 0.34765625 0.25625 0.33046875 0.2484375 0.33671875
0 0.2421875 0.30859375 0.24140625 0.325 0.25625 0.32265625 0.25625 0.30078125 0.2421875 0.30859375
0 0.08125 0.81171875 0.06875 0.81484375 0.06875 0.82734375 0.07421875 0.83125 0.084375 0.82421875 0.08125 0.81171875
0 0.0921875 0.77734375 0.0734375 0.76953125 0.0625 0.77578125 0.071875 0.78359375 0.075 0.79765625 0.08359375 0.8015625 0.0921875 0.77734375
0 0.1484375 0.84296875 0.1546875 0.82734375 0.15 0.80234375 0.14140625 0.803125 0.12890625 0.821875 0.1109375 0.83046875 0.11171875 0.8640625 0.1484375 0.84296875
0 0.01171875 0.8375 0.025 0.83203125 0.0390625 0.80390625 0.0390625 0.77890625 0.0453125 0.77109375 0.0296875 0.76015625 0.0234375 0.76328125 0.021875 0.78046875 0.00625 0.81015625 0.0046875 0.82578125 0.01171875 0.8375
0 0.12109375 0.775 0.121875 0.73359375 0.1078125 0.71796875 0.09609375 0.7171875 0.0796875 0.73046875 0.0765625 0.75234375 0.09296875 0.771875 0.12109375 0.775
0 0.21796875 0.6796875 0.22890625 0.6859375 0.2328125 0.65859375 0.22109375 0.665625 0.20703125 0.6578125 0.2015625 0.68203125 0.21015625 0.6859375 0.21796875 0.6796875
0 0.0203125 0.32421875 0.02890625 0.3578125 0.0375 0.33359375 0.03125 0.31953125 0.0203125 0.32421875
0 0.05625 0.43203125 0.07109375 0.4515625 0.08125 0.44296875 0.065625 0.41484375 0.05625 0.43203125
0 0.2890625 0.60859375 0.28984375 0.625 0.2984375 0.62109375 0.3 0.60546875 0.2890625 0.60859375
0 0.490625 0.16484375 0.4765625 0.18359375 0.48203125 0.1984375 0.4921875 0.19453125 0.5 0.18046875 0.490625 0.16484375
0 0.2765625 0.21953125 0.27890625 0.2328125 0.2875 0.22734375 0.2890625 0.21484375 0.2765625 0.21953125
0 0.2953125 0.22265625 0.29453125 0.2375 0.3078125 0.23046875 0.30625 0.21640625 0.2953125 0.22265625
0 0.15 0.48515625 0.15234375 0.503125 0.1640625 0.49609375 0.1640625 0.47734375 0.15 0.48515625
0 0.1578125 0.90390625 0.15859375 0.9375 0.1703125 0.92734375 0.16875 0.90078125 0.1578125 0.90390625
0 0.1828125 0.94765625 0.18828125 0.9625 0.2078125 0.96015625 0.20625 0.93203125 0.1828125 0.94765625
0 0.24375 0.98984375 0.24140625 1 0.2578125 0.99921875 0.2546875 0.98515625 0.24375 0.98984375
0 0.1625 0.34765625 0.15546875 0.346875 0.15 0.35859375 0.15703125 0.3671875 0.1640625 0.36015625 0.1625 0.34765625
0 0.1671875 0.37890625 0.16953125 0.3921875 0.1796875 0.38359375 0.178125 0.37421875 0.1671875 0.37890625
0 0.30625 0.58515625 0.30703125 0.6 0.3140625 0.59453125 0.3125 0.58046875 0.30625 0.58515625
0 0.128125 0.65859375 0.13203125 0.6703125 0.1390625 0.66640625 0.1359375 0.64921875 0.128125 0.65859375
0 0.0109375 0.88828125 0.01484375 0.9 0.021875 0.89921875 0.021875 0.88671875 0.0109375 0.88828125
0 0.1796875 0.70546875 0.18515625 0.7203125 0.19375 0.71484375 0.190625 0.70234375 0.1796875 0.70546875
0 0.1640625 0.76015625 0.16796875 0.771875 0.1796875 0.76796875 0.1734375 0.75546875 0.1640625 0.76015625
0 0.2515625 0.86015625 0.25234375 0.8765625 0.2625 0.86953125 0.2609375 0.85546875 0.2515625 0.86015625
0 0.225 0.85703125 0.2171875 0.85859375 0.2109375 0.87578125 0.21484375 0.884375 0.225 0.87265625 0.225 0.85703125
0 0.3640625 0.98046875 0.36171875 1 0.38125 0.99609375 0.3734375 0.97734375 0.3640625 0.98046875
0 0.53125 0.92890625 0.53359375 0.94375 0.546875 0.94140625 0.5453125 0.92734375 0.53125 0.92890625
0 0.490625 0.94609375 0.49296875 0.959375 0.503125 0.95390625 0.5015625 0.94140625 0.490625 0.94609375
0 0.1296875 0.53671875 0.12578125 0.55625 0.1375 0.54609375 0.1375 0.53359375 0.1296875 0.53671875
0 0.23125 0.81015625 0.23671875 0.8234375 0.24375 0.81796875 0.2421875 0.80703125 0.23125 0.81015625
0 0.640625 0.95390625 0.63984375 0.96875 0.6515625 0.96640625 0.653125 0.95078125 0.640625 0.95390625
0 0.4125 0.24609375 0.41328125 0.2609375 0.4234375 0.25703125 0.4234375 0.24296875 0.4125 0.24609375
0 0.0921875 0.89609375 0.09609375 0.9109375 0.10625 0.90390625 0.103125 0.89296875 0.0921875 0.89609375
0 0.0828125 0.87734375 0.08515625 0.8890625 0.09375 0.88359375 0.0921875 0.87109375 0.0828125 0.87734375
0 0.3078125 0.31640625 0.31171875 0.33125 0.31875 0.32578125 0.31875 0.31328125 0.3078125 0.31640625
0 0.3578125 0.32421875 0.36171875 0.334375 0.3703125 0.33046875 0.3703125 0.32265625 0.3578125 0.32421875
0 0.115625 0.36328125 0.11484375 0.3890625 0.1265625 0.36484375 0.1234375 0.35703125 0.115625 0.36328125
0 0.21875 0.43671875 0.22109375 0.45 0.228125 0.44765625 0.225 0.43359375 0.21875 0.43671875
0 0.1796875 0.64140625 0.18203125 0.6578125 0.190625 0.65078125 0.1859375 0.63359375 0.1796875 0.64140625