0 0.36328125 0.80625 0.3703125 0.79765625 0.36953125 0.7671875 0.33984375 0.7453125 0.29765625 0.7421875 0.27890625 0.746875 0.24921875 0.765625 0.23125 0.78359375 0.23125 0.80078125 0.25546875 0.8078125 0.36328125 0.80625
0 0.296875 0.60390625 0.28671875 0.5984375 0.27265625 0.615625 0.25078125 0.6171875 0.24453125 0.6328125 0.22421875 0.6296875 0.22109375 0.640625 0.215625 0.63359375 0.2140625 0.68359375 0.21796875 0.6875 0.22109375 0.68125 0.2296875 0.69296875 0.225 0.69921875 0.23125 0.71640625 0.2375 0.71328125 0.23671875 0.721875 0.24296875 0.7171875 0.25078125 0.7234375 0.25859375 0.7171875 0.26328125 0.7203125 0.265625 0.70546875 0.27265625 0.703125 0.28515625 0.70625 0.28671875 0.7125 0.2953125 0.70546875 0.2984375 0.71796875 0.2828125 0.72109375 0.29140625 0.7234375 0.34609375 0.7296875 0.38984375 0.7265625 0.39296875 0.721875 0.40390625 0.725 0.4296875 0.68671875 0.4453125 0.64453125 0.44765625 0.6203125 0.44453125 0.625 0.43671875 0.621875 0.43203125 0.609375 0.42734375 0.6296875 0.425 0.61171875 0.41171875 0.6140625 0.40703125 0.59375 0.38515625 0.603125 0.37265625 0.596875 0.36015625 0.6 0.35703125 0.6078125 0.34765625 0.6078125 0.34609375 0.6015625 0.32421875 0.6015625 0.31953125 0.609375 0.30703125 0.6125 0.29140625 0.6078125 0.296875 0.60390625
0 0.40859375 0.5390625 0.44453125 0.546875 0.45546875 0.5328125 0.4609375 0.53359375 0.465625 0.51484375 0.471875 0.51796875 0.47265625 0.428125 0.4578125 0.33984375 0.4359375 0.27734375 0.42421875 0.271875 0.40078125 0.2859375 0.39140625 0.2828125 0.35390625 0.3015625 0.34765625 0.2984375 0.3421875 0.36328125 0.353125 0.49296875 0.346875 0.51796875 0.35546875 0.5265625 0.36484375 0.5265625 0.37265625 0.5375 0.37734375 0.5328125 0.38046875 0.5421875 0.40078125 0.540625 0.40390625 0.53125 0.40859375 0.5390625
0 0.32109375 0.1953125 0.290625 0.19609375 0.32109375 0.2 0.32109375 0.1953125
0 0.24921875 0.1859375 0.240625 0.18515625 0.24765625 0.203125 0.24921875 0.1859375
0 0.39453125 0.1859375 0.38671875 0.1953125 0.34921875 0.19375 0.34453125 0.1828125 0.34296875 0.19375 0.32890625 0.1921875 0.3234375 0.19921875 0.38203125 0.203125 0.39375 0.19765625 0.39453125 0.1859375
0 0.36953125 0.2328125 0.39375 0.21640625 0.39609375 0.1765625 0.39296875 0.16875 0.38203125 0.1671875 0.24765625 0.1671875 0.240625 0.17265625 0.240625 0.19921875 0.25 0.21640625 0.27265625 0.23125 0.36953125 0.2328125
0 0.21640625 0.353125 0.24453125 0.34375 0.26796875 0.3546875 0.27890625 0.3515625 0.28671875 0.3609375 0.30234375 0.33125 0.31328125 0.340625 0.32265625 0.3296875 0.33984375 0.3296875 0.34296875 0.3109375 0.340625 0.29765625 0.328125 0.28203125 0.3296875 0.27109375 0.3421875 0.26015625 0.34140625 0.2484375 0.32578125 0.2421875 0.32421875 0.2328125 0.25859375 0.23125 0.25546875 0.225 0.24765625 0.23125 0.24375 0.22578125 0.2484375 0.21953125 0.23984375 0.2109375 0.2078125 0.24921875 0.2109375 0.25390625 0.2 0.26640625 0.1765625 0.34453125 0.21640625 0.353125
0 0.21328125 0.5109375 0.2125 0.35078125 0.17734375 0.3453125 0.1640625 0.38046875 0.153125 0.47734375 0.153125 0.54140625 0.17421875 0.646875 0.20859375 0.646875 0.2125 0.64140625 0.21328125 0.5109375
0 0.25390625 0.7375 0.35859375 0.7359375 0.3515625 0.73203125 0.34921875 0.71875 0.3375 0.71640625 0.34375 0.70859375 0.3375 0.70546875 0.3265625 0.65234375 0.31484375 0.65 0.31015625 0.6421875 0.30078125 0.646875 0.29765625 0.640625 0.24296875 0.6375 0.22109375 0.63125 0.21640625 0.6234375 0.21015625 0.646875 0.1796875 0.64921875 0.2 0.71015625 0.22890625 0.7515625 0.25390625 0.7375
0 0.36328125 0.80625 0.3703125 0.79765625 0.37109375 0.771875 0.3703125 0.75234375 0.35703125 0.7390625 0.24921875 0.7390625 0.23125 0.75546875 0.2296875 0.79609375 0.23671875 0.80625 0.24609375 0.8078125 0.36328125 0.80625
0 0.21171875 0.5390625 0.19140625 0.534375 0.17734375 0.55625 0.17265625 0.5578125 0.16953125 0.55 0.1609375 0.56015625 0.17578125 0.646875 0.20859375 0.646875 0.2125 0.64140625 0.21171875 0.5390625
0 0.25390625 0.65 0.24765625 0.6546875 0.24140625 0.6484375 0.22265625 0.646875 0.21640625 0.634375 0.20859375 0.646875 0.178125 0.64765625 0.1984375 0.70859375 0.21953125 0.7421875 0.27109375 0.7359375 0.2671875 0.73203125 0.278125 0.72265625 0.27734375 0.7 0.2671875 0.68984375 0.271875 0.68515625 0.25390625 0.65
0 0.2734375 0.41796875 0.2875 0.40859375 0.290625 0.39921875 0.2921875 0.38984375 0.2859375 0.38359375 0.296875 0.37109375 0.29765625 0.334375 0.29453125 0.3125 0.27421875 0.3171875 0.26640625 0.3046875 0.25546875 0.3015625 0.22734375 0.3015625 0.19609375 0.33125 0.184375 0.33203125 0.1859375 0.34453125 0.1765625 0.35078125 0.1765625 0.35859375 0.18515625 0.353125 0.2109375 0.36015625 0.2109375 0.45078125 0.21640625 0.4703125 0.22109375 0.4625 0.23359375 0.471875 0.25625 0.47265625 0.2734375 0.41796875
0 0.28125 0.65234375 0.290625 0.64609375 0.29140625 0.6375 0.2953125 0.64765625 0.29765625 0.5734375 0.29453125 0.5609375 0.28359375 0.5703125 0.26015625 0.5375 0.25546875 0.5484375 0.24453125 0.53125 0.22109375 0.534375 0.21484375 0.5234375 0.2109375 0.63046875 0.20078125 0.640625 0.178125 0.64140625 0.184375 0.65859375 0.22265625 0.6765625 0.23984375 0.6765625 0.24453125 0.66875 0.25546875 0.671875 0.25859375 0.6640625 0.28515625 0.659375 0.28125 0.65234375
0 0.253125 0.48203125 0.253125 0.51171875 0.2625 0.53515625 0.30390625 0.5390625 0.3296875 0.50546875 0.340625 0.48515625 0.33984375 0.475 0.321875 0.45546875 0.3140625 0.41796875 0.29765625 0.4109375 0.29453125 0.4015625 0.271875 0.42109375 0.253125 0.48203125
0 0.3171875 0.56328125 0.31875 0.59453125 0.33828125 0.603125 0.37265625 0.6015625 0.38203125 0.58125 0.3796875 0.55234375 0.34765625 0.546875 0.34140625 0.5375 0.31953125 0.55 0.3046875 0.56796875 0.31171875 0.5703125 0.3171875 0.56328125