0 0.33359375 0.6234375 0.27734375 0.628125 0.25078125 0.6234375 0.24765625 0.6328125 0.23671875 0.61875 0.19921875 0.621875 0.20078125 0.63125 0.18828125 0.61875 0.17734375 0.621875 0.16796875 0.6171875 0.12265625 0.63125 0.08359375 0.6078125 0.06484375 0.609375 0.05 0.62265625 0.034375 0.65078125 0.034375 0.69140625 0.05 0.71015625 0.053125 0.73203125 0.0421875 0.74609375 0.06640625 0.753125 0.12265625 0.7546875 0.72265625 0.7671875 0.75390625 0.7671875 0.759375 0.76171875 0.759375 0.65703125 0.75390625 0.6375 0.74921875 0.6421875 0.73828125 0.6390625 0.73359375 0.6484375 0.73046875 0.640625 0.71015625 0.6390625 0.69921875 0.646875 0.69921875 0.640625 0.67578125 0.6328125 0.66796875 0.6390625 0.61328125 0.625 0.60859375 0.63125 0.58046875 0.625 0.57265625 0.63125 0.56328125 0.625 0.55859375 0.63125 0.5609375 0.62734375 0.55078125 0.61875 0.54296875 0.63125 0.53515625 0.625 0.49453125 0.6234375 0.48828125 0.6171875 0.43046875 0.6328125 0.42421875 0.625 0.40859375 0.6234375 0.39453125 0.6078125 0.3828125 0.60703125 0.38984375 0.6015625 0.39375 0.60546875 0.390625 0.59296875 0.34609375 0.59375 0.3328125 0.60390625 0.3421875 0.60703125 0.34375 0.61484375 0.33359375 0.6234375
0 0.67265625 0.2640625 0.65546875 0.2640625 0.65 0.28671875 0.653125 0.29765625 0.6609375 0.30078125 0.6546875 0.30546875 0.66875 0.30546875 0.66875 0.31640625 0.6546875 0.32109375 0.665625 0.32421875 0.6609375 0.32734375 0.6625 0.34765625 0.6448268578125 0.3456925671875 0.6609375 0.36640625 0.6765625 0.40703125 0.675 0.44921875 0.6671875 0.47265625 0.646875 0.49765625 0.65546875 0.5109375 0.66015625 0.5046875 0.66875 0.51171875 0.6609375 0.51640625 0.6703125 0.52265625 0.6703125 0.53515625 0.659375 0.57578125 0.6734375 0.56796875 0.67578125 0.546875 0.68046875 0.553125 0.6875 0.55078125 0.68125 0.54296875 0.690625 0.54296875 0.69453125 0.5234375 0.70546875 0.5328125 0.72265625 0.5328125 0.72421875 0.5375 0.71328125 0.534375 0.71171875 0.5421875 0.696875 0.53515625 0.69921875 0.553125 0.715625 0.55078125 0.71328125 0.55625 0.70234375 0.553125 0.7 0.56015625 0.72421875 0.565625 0.72421875 0.5703125 0.7078125 0.57578125 0.73359375 0.5828125 0.7515625 0.57578125 0.7453125 0.57109375 0.74609375 0.5609375 0.7546875 0.56484375 0.7546875 0.60390625 0.7359375 0.59921875 0.73828125 0.59375 0.75078125 0.59375 0.74921875 0.5875 0.73203125 0.584375 0.71875 0.59140625 0.73046875 0.5921875 0.7328125 0.59921875 0.7171875 0.60703125 0.72890625 0.6078125 0.734375 0.61484375 0.71953125 0.6234375 0.73671875 0.628125 0.7546875 0.62109375 0.75859375 0.6578125 0.759375 0.27734375 0.7546875 0.28203125 0.75390625 0.3234375 0.75 0.27265625 0.7546875 0.26484375 0.7390625 0.26328125 0.68515625 0.2640625 0.67734375 0.2734375 0.67265625 0.2640625
0 0.1453125 0.31484375 0.1484375 0.34453125 0.15703125 0.35625 0.16328125 0.3453125 0.27265625 0.3484375 0.2984375 0.36640625 0.31015625 0.4 0.315625 0.39140625 0.31484375 0.365625 0.32890625 0.36875 0.33359375 0.3640625 0.3421875 0.37109375 0.3359375 0.37578125 0.34609375 0.3796875 0.36953125 0.3515625 0.40234375 0.3390625 0.42890625 0.3390625 0.45703125 0.3484375 0.48828125 0.384375 0.4984375 0.38203125 0.50703125 0.3625 0.515625 0.36796875 0.509375 0.37578125 0.52578125 0.384375 0.54921875 0.353125 0.59296875 0.3390625 0.63046875 0.34375 0.66328125 0.3703125 0.66875 0.36796875 0.6625 0.35703125 0.665625 0.33984375 0.684375 0.31328125 0.6859375 0.27265625 0.69140625 0.278125 0.69609375 0.26875 0.65859375 0.2625 0.515625 0.26171875 0.13671875 0.2609375 0.134375 0.26953125 0.14296875 0.2671875 0.15 0.27734375 0.1453125 0.31484375
0 0.04609375 0.4265625 0.05546875 0.4125 0.08046875 0.415625 0.09609375 0.409375 0.08125 0.40234375 0.08984375 0.396875 0.12109375 0.3953125 0.12734375 0.4109375 0.13671875 0.3953125 0.1390625 0.40546875 0.13125 0.40703125 0.1390625 0.40859375 0.1421875 0.43828125 0.14609375 0.43125 0.14921875 0.434375 0.159375 0.34609375 0.1796875 0.33671875 0.17734375 0.328125 0.153125 0.32421875 0.1625 0.32109375 0.1625 0.28203125 0.1734375 0.27109375 0.17109375 0.2625 0.0765625 0.26015625 0.01875 0.26328125 0.01875 0.44453125 0.02421875 0.46875 0.034375 0.42421875 0.04609375 0.4265625
0 0.3 0.50234375 0.30234375 0.5609375 0.3109375 0.54921875 0.3125 0.52734375 0.328125 0.50390625 0.33046875 0.590625 0.3328125 0.48515625 0.33125 0.46796875 0.3265625 0.46640625 0.325 0.40546875 0.31484375 0.4328125 0.309375 0.42109375 0.3015625 0.45390625 0.284375 0.47421875 0.3 0.50234375
0 0.51328125 0.58125 0.51796875 0.5859375 0.521875 0.58203125 0.53046875 0.565625 0.5359375 0.58359375 0.5390625 0.57109375 0.5265625 0.54140625 0.5265625 0.50546875 0.5296875 0.48203125 0.5421875 0.46171875 0.5375 0.43359375 0.5203125 0.41953125 0.528125 0.37578125 0.52265625 0.3796875 0.51796875 0.371875 0.50859375 0.371875 0.5125 0.36640625 0.50078125 0.365625 0.5 0.35859375 0.4921875 0.35859375 0.4875 0.38359375 0.4953125 0.41953125 0.49921875 0.5984375 0.51328125 0.58125
0 0.55546875 0.6171875 0.575 0.62265625 0.5671875 0.62734375 0.56953125 0.63125 0.60078125 0.6375 0.60390625 0.6453125 0.61015625 0.6375 0.61171875 0.646875 0.62109375 0.646875 0.62421875 0.6390625 0.63046875 0.646875 0.63125 0.63828125 0.63515625 0.640625 0.63984375 0.6328125 0.66328125 0.63125 0.68125 0.61796875 0.68125 0.59453125 0.66171875 0.584375 0.659375 0.57734375 0.62109375 0.5984375 0.57890625 0.5984375 0.55078125 0.584375 0.5421875 0.58984375 0.55546875 0.6171875
0 0.015625 0.75390625 0.0171875 0.31328125 0.0125 0.28046875 0.0109375 0.29140625 0 0.30234375 0.00078125 0.7703125 0.0140625 0.76484375 0.015625 0.75390625
0 0.24140625 0.446875 0.25625 0.43515625 0.259375 0.41796875 0.2546875 0.40390625 0.234375 0.39453125 0.21015625 0.39375 0.20625 0.39921875 0.20625 0.44296875 0.21171875 0.4484375 0.24140625 0.446875
0 0.2515625 0.52734375 0.2484375 0.50078125 0.23671875 0.4921875 0.21875 0.49140625 0.20625 0.49609375 0.20625 0.53828125 0.22890625 0.5421875 0.24609375 0.5359375 0.2515625 0.52734375
0 0.225 0.53984375 0.22578125 0.590625 0.2328125 0.58828125 0.2328125 0.53671875 0.225 0.53984375
0 0.040625 0.43515625 0.025 0.47265625 0.0234375 0.52890625 0.0296875 0.54453125 0.0234375 0.55859375 0.0234375 0.60546875 0.02890625 0.6109375 0.03203125 0.6 0.0375 0.60546875 0.034375 0.61171875 0.04609375 0.6328125 0.05546875 0.63125 0.06796875 0.6140625 0.08203125 0.6140625 0.09453125 0.63125 0.1125 0.63515625 0.1078125 0.64296875 0.11328125 0.646875 0.13671875 0.64375 0.1390625 0.63359375 0.153125 0.62265625 0.1484375 0.61484375 0.175 0.59921875 0.17109375 0.590625 0.15546875 0.5890625 0.153125 0.58359375 0.1515625 0.42265625 0.13359375 0.4203125 0.14375 0.40703125 0.12578125 0.4046875 0.1296875 0.39921875 0.125 0.39140625 0.11015625 0.390625 0.103125 0.38046875 0.08359375 0.3859375 0.04921875 0.3828125 0.0359375 0.39921875 0.034375 0.42265625 0.040625 0.43515625
0 0.053125 0.70703125 0.06328125 0.70625 0.075 0.69296875 0.0609375 0.67109375 0.0640625 0.65390625 0.0765625 0.64453125 0.071875 0.63203125 0.075 0.61796875 0.06484375 0.609375 0.03671875 0.621875 0.0390625 0.61171875 0.0296875 0.60703125 0.03125 0.59453125 0.0234375 0.59140625 0.0296875 0.58046875 0.021875 0.57265625 0.015625 0.62734375 0.015625 0.75078125 0.06171875 0.753125 0.053125 0.74453125 0.053125 0.70703125
0 0.6453125 0.50390625 0.6546875 0.50859375 0.65546875 0.51875 0.65859375 0.50625 0.6703125 0.51015625 0.6625 0.56328125 0.64921875 0.5828125 0.6203125 0.59921875 0.61875 0.60703125 0.62421875 0.609375 0.62890625 0.603125 0.6421875 0.61328125 0.6421875 0.65390625 0.6484375 0.65546875 0.65234375 0.671875 0.6640625 0.66953125 0.66796875 0.6875 0.67890625 0.684375 0.68359375 0.6953125 0.69140625 0.6953125 0.684375 0.68984375 0.69609375 0.6875 0.69765625 0.6953125 0.71015625 0.6953125 0.71484375 0.703125 0.73359375 0.703125 0.73828125 0.7125 0.74921875 0.70625 0.75390625 0.71875 0.759375 0.71328125 0.7609375 0.66640625 0.7578125 0.48515625 0.75078125 0.4921875 0.73359375 0.490625 0.73046875 0.484375 0.72578125 0.4921875 0.71796875 0.490625 0.71484375 0.484375 0.71171875 0.4921875 0.67421875 0.4921875 0.671875 0.48359375 0.6671875 0.48515625 0.66953125 0.4984375 0.66015625 0.5 0.65546875 0.4875 0.6453125 0.50390625
0 0.40703125 0.6171875 0.42109375 0.6109375 0.42421875 0.625 0.434375 0.60546875 0.43984375 0.6109375 0.45 0.59609375 0.4421875 0.58515625 0.4421875 0.42734375 0.434375 0.40703125 0.4171875 0.39765625 0.3953125 0.40703125 0.3875 0.42734375 0.3859375 0.59921875 0.40390625 0.60625 0.40703125 0.6171875
0 0.4421875 0.61953125 0.4484375 0.62265625 0.44375 0.62734375 0.45234375 0.6375 0.4625 0.63671875 0.46328125 0.646875 0.49921875 0.6484375 0.51015625 0.6546875 0.52265625 0.65 0.52734375 0.6546875 0.5515625 0.63828125 0.5578125 0.61484375 0.5734375 0.60703125 0.5765625 0.59921875 0.54375 0.57734375 0.525 0.53984375 0.5 0.54140625 0.49453125 0.5921875 0.44765625 0.59375 0.4390625 0.58828125 0.4421875 0.61953125
0 0.25859375 0.590625 0.16171875 0.5890625 0.14921875 0.584375 0.140625 0.59140625 0.153125 0.63515625 0.15859375 0.6328125 0.16953125 0.640625 0.17421875 0.634375 0.18515625 0.6421875 0.19296875 0.6359375 0.19609375 0.646875 0.21640625 0.65 0.33046875 0.6546875 0.3375 0.64921875 0.340625 0.63359375 0.34609375 0.634375 0.3546875 0.62265625 0.353125 0.60859375 0.384375 0.59921875 0.33671875 0.590625 0.3296875 0.57109375 0.315625 0.56640625 0.328125 0.56015625 0.315625 0.55546875 0.29921875 0.55625 0.29921875 0.5671875 0.29609375 0.5625 0.28203125 0.5796875 0.25859375 0.590625
0 0.034375 0.39921875 0.0359375 0.41171875 0.03125 0.41484375 0.0375 0.43359375 0.0328125 0.43828125 0.0375 0.44296875 0.0265625 0.44609375 0.021875 0.47578125 0.0234375 0.60234375 0.04765625 0.625 0.05859375 0.6109375 0.06953125 0.609375 0.09765625 0.621875 0.10625 0.61953125 0.10234375 0.6140625 0.13046875 0.6140625 0.13046875 0.60625 0.1203125 0.60703125 0.1234375 0.60234375 0.14453125 0.6 0.15 0.59296875 0.15 0.43828125 0.1375 0.42578125 0.14140625 0.421875 0.1265625 0.41953125 0.1296875 0.40703125 0.1046875 0.38203125 0.08671875 0.3828125 0.08046875 0.390625 0.05078125 0.3828125 0.04609375 0.39375 0.034375 0.39921875
0 0.57265625 0.453125 0.61875 0.43359375 0.625 0.40703125 0.60625 0.38671875 0.59140625 0.3875 0.5765625 0.40078125 0.56875 0.42578125 0.5765625 0.43828125 0.57265625 0.453125
0 0.6140625 0.54296875 0.62421875 0.5234375 0.67109375 0.525 0.671875 0.51171875 0.65234375 0.5046875 0.6484375 0.48984375 0.58203125 0.5171875 0.5734375 0.52890625 0.5765625 0.54453125 0.59765625 0.553125 0.6140625 0.54296875
0 0.371875 0.63359375 0.37890625 0.646875 0.38828125 0.6515625 0.44453125 0.65 0.45234375 0.6375 0.4609375 0.63828125 0.465625 0.60703125 0.47109375 0.609375 0.4828125 0.59921875 0.44609375 0.59375 0.43984375 0.58125 0.434375 0.58359375 0.440625 0.57578125 0.4328125 0.57421875 0.38984375 0.5734375 0.3859375 0.59140625 0.36875 0.59921875 0.375 0.60703125 0.371875 0.63359375