0 0.66640625 0.3765625 0.72265625 0.371875 0.74921875 0.3765625 0.75234375 0.3671875 0.76328125 0.38125 0.80078125 0.378125 0.79921875 0.36875 0.81171875 0.38125 0.82265625 0.378125 0.83203125 0.3828125 0.87734375 0.36875 0.91640625 0.3921875 0.93515625 0.390625 0.95 0.37734375 0.965625 0.34921875 0.965625 0.30859375 0.95 0.28984375 0.946875 0.26796875 0.9578125 0.25390625 0.93359375 0.246875 0.87734375 0.2453125 0.27734375 0.2328125 0.24609375 0.2328125 0.240625 0.23828125 0.240625 0.34296875 0.24609375 0.3625 0.25078125 0.3578125 0.26171875 0.3609375 0.26640625 0.3515625 0.26953125 0.359375 0.28984375 0.3609375 0.30078125 0.353125 0.30078125 0.359375 0.32421875 0.3671875 0.33203125 0.3609375 0.38671875 0.375 0.39140625 0.36875 0.41953125 0.375 0.42734375 0.36875 0.43671875 0.375 0.44140625 0.36875 0.4390625 0.37265625 0.44921875 0.38125 0.45703125 0.36875 0.46484375 0.375 0.50546875 0.3765625 0.51171875 0.3828125 0.56953125 0.3671875 0.57578125 0.375 0.59140625 0.3765625 0.60546875 0.3921875 0.6171875 0.39296875 0.61015625 0.3984375 0.60625 0.39453125 0.609375 0.40703125 0.65390625 0.40625 0.6671875 0.39609375 0.6578125 0.39296875 0.65625 0.38515625 0.66640625 0.3765625
0 0.32734375 0.7359375 0.34453125 0.7359375 0.35 0.71328125 0.346875 0.70234375 0.3390625 0.69921875 0.3453125 0.69453125 0.33125 0.69453125 0.33125 0.68359375 0.3453125 0.67890625 0.334375 0.67578125 0.3390625 0.67265625 0.3375 0.65234375 0.3551731421875 0.6543074328125 0.3390625 0.63359375 0.3234375 0.59296875 0.325 0.55078125 0.3328125 0.52734375 0.353125 0.50234375 0.34453125 0.4890625 0.33984375 0.4953125 0.33125 0.48828125 0.3390625 0.48359375 0.3296875 0.47734375 0.3296875 0.46484375 0.340625 0.42421875 0.3265625 0.43203125 0.32421875 0.453125 0.31953125 0.446875 0.3125 0.44921875 0.31875 0.45703125 0.309375 0.45703125 0.30546875 0.4765625 0.29453125 0.4671875 0.27734375 0.4671875 0.27578125 0.4625 0.28671875 0.465625 0.28828125 0.4578125 0.303125 0.46484375 0.30078125 0.446875 0.284375 0.44921875 0.28671875 0.44375 0.29765625 0.446875 0.3 0.43984375 0.27578125 0.434375 0.27578125 0.4296875 0.2921875 0.42421875 0.26640625 0.4171875 0.2484375 0.42421875 0.2546875 0.42890625 0.25390625 0.4390625 0.2453125 0.43515625 0.2453125 0.39609375 0.2640625 0.40078125 0.26171875 0.40625 0.24921875 0.40625 0.25078125 0.4125 0.26796875 0.415625 0.28125 0.40859375 0.26953125 0.4078125 0.2671875 0.40078125 0.2828125 0.39296875 0.27109375 0.3921875 0.265625 0.38515625 0.28046875 0.3765625 0.26328125 0.371875 0.2453125 0.37890625 0.24140625 0.3421875 0.240625 0.72265625 0.2453125 0.71796875 0.24609375 0.6765625 0.25 0.72734375 0.2453125 0.73515625 0.2609375 0.73671875 0.31484375 0.7359375 0.32265625 0.7265625 0.32734375 0.7359375
0 0.8546875 0.68515625 0.8515625 0.65546875 0.84296875 0.64375 0.83671875 0.6546875 0.72734375 0.6515625 0.7015625 0.63359375 0.68984375 0.6 0.684375 0.60859375 0.68515625 0.634375 0.67109375 0.63125 0.66640625 0.6359375 0.6578125 0.62890625 0.6640625 0.62421875 0.65390625 0.6203125 0.63046875 0.6484375 0.59765625 0.6609375 0.57109375 0.6609375 0.54296875 0.6515625 0.51171875 0.615625 0.5015625 0.61796875 0.49296875 0.6375 0.484375 0.63203125 0.490625 0.62421875 0.47421875 0.615625 0.45078125 0.646875 0.40703125 0.6609375 0.36953125 0.65625 0.33671875 0.6296875 0.33125 0.63203125 0.3375 0.64296875 0.334375 0.66015625 0.315625 0.68671875 0.3140625 0.72734375 0.30859375 0.721875 0.30390625 0.73125 0.34140625 0.7375 0.484375 0.73828125 0.86328125 0.7390625 0.865625 0.73046875 0.85703125 0.7328125 0.85 0.72265625 0.8546875 0.68515625
0 0.95390625 0.5734375 0.94453125 0.5875 0.91953125 0.584375 0.90390625 0.590625 0.91875 0.59765625 0.91015625 0.603125 0.87890625 0.6046875 0.87265625 0.5890625 0.86328125 0.6046875 0.8609375 0.59453125 0.86875 0.59296875 0.8609375 0.59140625 0.8578125 0.56171875 0.85390625 0.56875 0.85078125 0.565625 0.840625 0.65390625 0.8203125 0.66328125 0.82265625 0.671875 0.846875 0.67578125 0.8375 0.67890625 0.8375 0.71796875 0.8265625 0.72890625 0.82890625 0.7375 0.9234375 0.73984375 0.98125 0.73671875 0.98125 0.55546875 0.97578125 0.53125 0.965625 0.57578125 0.95390625 0.5734375
0 0.7 0.49765625 0.69765625 0.4390625 0.6890625 0.45078125 0.6875 0.47265625 0.671875 0.49609375 0.66953125 0.409375 0.6671875 0.51484375 0.66875 0.53203125 0.6734375 0.53359375 0.675 0.59453125 0.68515625 0.5671875 0.690625 0.57890625 0.6984375 0.54609375 0.715625 0.52578125 0.7 0.49765625
0 0.48671875 0.41875 0.48203125 0.4140625 0.478125 0.41796875 0.46953125 0.434375 0.4640625 0.41640625 0.4609375 0.42890625 0.4734375 0.45859375 0.4734375 0.49453125 0.4703125 0.51796875 0.4578125 0.53828125 0.4625 0.56640625 0.4796875 0.58046875 0.471875 0.62421875 0.47734375 0.6203125 0.48203125 0.628125 0.49140625 0.628125 0.4875 0.63359375 0.49921875 0.634375 0.5 0.64140625 0.5078125 0.64140625 0.5125 0.61640625 0.5046875 0.58046875 0.50078125 0.4015625 0.48671875 0.41875
0 0.44453125 0.3828125 0.425 0.37734375 0.4328125 0.37265625 0.43046875 0.36875 0.39921875 0.3625 0.39609375 0.3546875 0.38984375 0.3625 0.38828125 0.353125 0.37890625 0.353125 0.37578125 0.3609375 0.36953125 0.353125 0.36875 0.36171875 0.36484375 0.359375 0.36015625 0.3671875 0.33671875 0.36875 0.31875 0.38203125 0.31875 0.40546875 0.33828125 0.415625 0.340625 0.42265625 0.37890625 0.4015625 0.42109375 0.4015625 0.44921875 0.415625 0.4578125 0.41015625 0.44453125 0.3828125
0 0.984375 0.24609375 0.9828125 0.68671875 0.9875 0.71953125 0.9890625 0.70859375 1 0.69765625 0.99921875 0.2296875 0.9859375 0.23515625 0.984375 0.24609375
0 0.75859375 0.553125 0.74375 0.56484375 0.740625 0.58203125 0.7453125 0.59609375 0.765625 0.60546875 0.78984375 0.60625 0.79375 0.60078125 0.79375 0.55703125 0.78828125 0.5515625 0.75859375 0.553125
0 0.7484375 0.47265625 0.7515625 0.49921875 0.76328125 0.5078125 0.78125 0.50859375 0.79375 0.50390625 0.79375 0.46171875 0.77109375 0.4578125 0.75390625 0.4640625 0.7484375 0.47265625
0 0.775 0.46015625 0.77421875 0.409375 0.7671875 0.41171875 0.7671875 0.46328125 0.775 0.46015625
0 0.959375 0.56484375 0.975 0.52734375 0.9765625 0.47109375 0.9703125 0.45546875 0.9765625 0.44140625 0.9765625 0.39453125 0.97109375 0.3890625 0.96796875 0.4 0.9625 0.39453125 0.965625 0.38828125 0.95390625 0.3671875 0.94453125 0.36875 0.93203125 0.3859375 0.91796875 0.3859375 0.90546875 0.36875 0.8875 0.36484375 0.8921875 0.35703125 0.88671875 0.353125 0.86328125 0.35625 0.8609375 0.36640625 0.846875 0.37734375 0.8515625 0.38515625 0.825 0.40078125 0.82890625 0.409375 0.84453125 0.4109375 0.846875 0.41640625 0.8484375 0.57734375 0.86640625 0.5796875 0.85625 0.59296875 0.87421875 0.5953125 0.8703125 0.60078125 0.875 0.60859375 0.88984375 0.609375 0.896875 0.61953125 0.91640625 0.6140625 0.95078125 0.6171875 0.9640625 0.60078125 0.965625 0.57734375 0.959375 0.56484375
0 0.946875 0.29296875 0.93671875 0.29375 0.925 0.30703125 0.9390625 0.32890625 0.9359375 0.34609375 0.9234375 0.35546875 0.928125 0.36796875 0.925 0.38203125 0.93515625 0.390625 0.96328125 0.378125 0.9609375 0.38828125 0.9703125 0.39296875 0.96875 0.40546875 0.9765625 0.40859375 0.9703125 0.41953125 0.978125 0.42734375 0.984375 0.37265625 0.984375 0.24921875 0.93828125 0.246875 0.946875 0.25546875 0.946875 0.29296875
0 0.3546875 0.49609375 0.3453125 0.49140625 0.34453125 0.48125 0.34140625 0.49375 0.3296875 0.48984375 0.3375 0.43671875 0.35078125 0.4171875 0.3796875 0.40078125 0.38125 0.39296875 0.37578125 0.390625 0.37109375 0.396875 0.3578125 0.38671875 0.3578125 0.34609375 0.3515625 0.34453125 0.34765625 0.328125 0.3359375 0.33046875 0.33203125 0.3125 0.32109375 0.315625 0.31640625 0.3046875 0.30859375 0.3046875 0.315625 0.31015625 0.30390625 0.3125 0.30234375 0.3046875 0.28984375 0.3046875 0.28515625 0.296875 0.26640625 0.296875 0.26171875 0.2875 0.25078125 0.29375 0.24609375 0.28125 0.240625 0.28671875 0.2390625 0.33359375 0.2421875 0.51484375 0.24921875 0.5078125 0.26640625 0.509375 0.26953125 0.515625 0.27421875 0.5078125 0.28203125 0.509375 0.28515625 0.515625 0.28828125 0.5078125 0.32578125 0.5078125 0.328125 0.51640625 0.3328125 0.51484375 0.33046875 0.5015625 0.33984375 0.5 0.34453125 0.5125 0.3546875 0.49609375
0 0.59296875 0.3828125 0.57890625 0.3890625 0.57578125 0.375 0.565625 0.39453125 0.56015625 0.3890625 0.55 0.40390625 0.5578125 0.41484375 0.5578125 0.57265625 0.565625 0.59296875 0.5828125 0.60234375 0.6046875 0.59296875 0.6125 0.57265625 0.6140625 0.40078125 0.59609375 0.39375 0.59296875 0.3828125
0 0.5578125 0.38046875 0.5515625 0.37734375 0.55625 0.37265625 0.54765625 0.3625 0.5375 0.36328125 0.53671875 0.353125 0.50078125 0.3515625 0.48984375 0.3453125 0.47734375 0.35 0.47265625 0.3453125 0.4484375 0.36171875 0.4421875 0.38515625 0.4265625 0.39296875 0.4234375 0.40078125 0.45625 0.42265625 0.475 0.46015625 0.5 0.45859375 0.50546875 0.4078125 0.55234375 0.40625 0.5609375 0.41171875 0.5578125 0.38046875
0 0.74140625 0.409375 0.83828125 0.4109375 0.85078125 0.415625 0.859375 0.40859375 0.846875 0.36484375 0.84140625 0.3671875 0.83046875 0.359375 0.82578125 0.365625 0.81484375 0.3578125 0.80703125 0.3640625 0.80390625 0.353125 0.78359375 0.35 0.66953125 0.3453125 0.6625 0.35078125 0.659375 0.36640625 0.65390625 0.365625 0.6453125 0.37734375 0.646875 0.39140625 0.615625 0.40078125 0.66328125 0.409375 0.6703125 0.42890625 0.684375 0.43359375 0.671875 0.43984375 0.684375 0.44453125 0.70078125 0.44375 0.70078125 0.4328125 0.70390625 0.4375 0.71796875 0.4203125 0.74140625 0.409375
0 0.965625 0.60078125 0.9640625 0.58828125 0.96875 0.58515625 0.9625 0.56640625 0.9671875 0.56171875 0.9625 0.55703125 0.9734375 0.55390625 0.978125 0.52421875 0.9765625 0.39765625 0.95234375 0.375 0.94140625 0.3890625 0.93046875 0.390625 0.90234375 0.378125 0.89375 0.38046875 0.89765625 0.3859375 0.86953125 0.3859375 0.86953125 0.39375 0.8796875 0.39296875 0.8765625 0.39765625 0.85546875 0.4 0.85 0.40703125 0.85 0.56171875 0.8625 0.57421875 0.85859375 0.578125 0.8734375 0.58046875 0.8703125 0.59296875 0.8953125 0.61796875 0.91328125 0.6171875 0.91953125 0.609375 0.94921875 0.6171875 0.95390625 0.60625 0.965625 0.60078125
0 0.42734375 0.546875 0.38125 0.56640625 0.375 0.59296875 0.39375 0.61328125 0.40859375 0.6125 0.4234375 0.59921875 0.43125 0.57421875 0.4234375 0.56171875 0.42734375 0.546875
0 0.3859375 0.45703125 0.37578125 0.4765625 0.32890625 0.475 0.328125 0.48828125 0.34765625 0.4953125 0.3515625 0.51015625 0.41796875 0.4828125 0.4265625 0.47109375 0.4234375 0.45546875 0.40234375 0.446875 0.3859375 0.45703125
0 0.628125 0.36640625 0.62109375 0.353125 0.61171875 0.3484375 0.55546875 0.35 0.54765625 0.3625 0.5390625 0.36171875 0.534375 0.39296875 0.52890625 0.390625 0.5171875 0.40078125 0.55390625 0.40625 0.56015625 0.41875 0.565625 0.41640625 0.559375 0.42421875 0.5671875 0.42578125 0.61015625 0.4265625 0.6140625 0.40859375 0.63125 0.40078125 0.625 0.39296875 0.628125 0.36640625