0 0.184375 0.0078125 0.028125 0.015625
0 0.8203125 0.13359375 0.05 0.0796875
0 0.2453125 0.08828125 0.103125 0.1078125
0 0.690625 0.478125 0.015625 0.028125
0 0.30859375 0.4484375 0.0609375 0.05
0 0.1859375 0.2421875 0.034375 0.0375
0 0.60625 0.22890625 0.028125 0.0390625
0 0.9375 0.95078125 0.040625 0.0640625
0 0.9671875 0.8078125 0.065625 0.046875
0 0.8703125 0.15625 0.021875 0.028125
0 0.9859375 0.1359375 0.028125 0.053125
0 0.91171875 0.009375 0.0140625 0.01875
0 0.8625 0.04375 0.009375 0.01875
0 0.621875 0.0296875 0.0125 0.028125
0 0.603125 0.7453125 0.028125 0.028125
0 0.74765625 0.60234375 0.0265625 0.0296875
0 0.40078125 0.81640625 0.0265625 0.0328125
0 0.80625 0.890625 0.034375 0.0375
0 0.7984375 0.7125 0.034375 0.05625
0 0.93125 0.6671875 0.021875 0.040625
0 0.90625 0.471875 0.03125 0.025
0 0.809375 0.3625 0.025 0.04375
0 0.540625 0.765625 0.046875 0.0375
0 0.5703125 0.634375 0.025 0.04375
0 0.6265625 0.921875 0.040625 0.053125
0 0.7125 0.88828125 0.034375 0.0328125
0 0.115625 0.64375 0.0375 0.040625
0 0.21953125 0.37421875 0.0328125 0.0609375
0 0.340625 0.62578125 0.021875 0.0296875
0 0.10234375 0.971875 0.0546875 0.05625
0 0.1390625 0.79453125 0.034375 0.0765625
0 0.0609375 0.8546875 0.021875 0.025
0 0.015625 0.8625 0.028125 0.034375
0 0.2109375 0.48984375 0.015625 0.0265625
0 0.40625 0.5046875 0.01875 0.028125
0 0.4546875 0.48984375 0.025 0.0359375
0 0.603125 0.8328125 0.021875 0.05
0 0.2890625 0.765625 0.034375 0.046875
0 0.2765625 0.70078125 0.034375 0.0359375
0 0.375 0.65859375 0.01875 0.0234375
0 0.240625 0.90546875 0.025 0.0296875
0 0.10234375 0.3953125 0.0171875 0.021875
0 0.00859375 0.04453125 0.0171875 0.0234375
0 0.4921875 0.303125 0.01875 0.01875
0 0.45234375 0.16328125 0.0296875 0.0265625
0 0.409375 0.0890625 0.059375 0.046875
0 0.4640625 0.7484375 0.025 0.03125
0 0.3140625 0.87734375 0.01875 0.0359375
0 0.00703125 0.76484375 0.0140625 0.0265625
0 0.6578125 0.23359375 0.0125 0.0140625
0 0.4875 0.53203125 0.0125 0.0171875
0 0.284375 0.19375 0.01875 0.028125
0 0.703125 0.5859375 0.021875 0.05
0 0.7203125 0.5265625 0.04375 0.028125
0 0.878125 0.5875 0.0125 0.01875
0 0.8125 0.61015625 0.028125 0.0203125
0 0.8953125 0.6875 0.0125 0.025
0 0.93359375 0.871875 0.0171875 0.03125
0 0.54140625 0.909375 0.0234375 0.03125
0 0.1734375 0.9625 0.021875 0.01875
0 0.40703125 0.203125 0.0515625 0.1
0 0.3140625 0.2421875 0.01875 0.0625
0 0.40625 0.68984375 0.03125 0.0546875
0 0.125 0.59765625 0.0625 0.0390625
0 0.696875 0.6625 0.0375 0.034375
0 0.4390625 0.6171875 0.01875 0.021875
0 0.5390625 0.63359375 0.021875 0.0296875
0 0.5953125 0.4265625 0.009375 0.025
0 0.85078125 0.4453125 0.0140625 0.015625
0 0.92109375 0.2890625 0.0359375 0.0375
0 0.45 0.4171875 0.01875 0.021875
0 0.1203125 0.31875 0.0125 0.025
0 0.30390625 0.03203125 0.0296875 0.0265625
0 0.315625 0.1390625 0.05 0.04375