0 0.19596093750000002 0.21449687499999998 0.202153125 0.2341125 0.20751875000000003 0.245821875 0.21208593750000002 0.264503125 0.2179921875 0.2790546875 0.226496875 0.28584375 0.246625 0.29066875 0.27642968749999997 0.28505156249999997 0.3029359375 0.27265 0.29037812500000004 0.2396171875 0.31025468749999996 0.21254843750000002 0.3054484375 0.1854015625 0.2837953125 0.1458140625 0.25201875 0.1418390625 0.20285625000000002 0.1486515625 0.1841625 0.15960000000000002 0.180103125 0.17295624999999998 0.1861 0.1884953125 0.19596093750000002 0.21449687499999998
0 0.38525312500000003 0.47880625 0.41072499999999995 0.4637421875 0.42960312500000003 0.4478625 0.43563906250000006 0.4389625 0.4367 0.41445 0.4084921875 0.3918421875 0.397125 0.39088124999999996 0.37685625 0.39828593749999996 0.37445 0.411703125 0.36685 0.43315000000000003 0.35968125 0.453253125 0.3696203125 0.47569062500000003 0.38525312500000003 0.47880625
0 0.5295828124999999 0.6541921875 0.5434125 0.6768500000000001 0.5729328125 0.6719859375 0.5750109375 0.6840531249999999 0.570828125 0.6987140625 0.603034375 0.708240625 0.6280875 0.7157281249999999 0.6548046875 0.7153031249999999 0.669215625 0.69743125 0.676625 0.6859953125 0.6923375 0.6744203125 0.7126671875 0.6571671875 0.7267546874999999 0.6444984375 0.748346875 0.6338109375000001 0.770803125 0.624084375 0.7729421875 0.6077203124999999 0.7630078124999999 0.6008015624999999 0.7823 0.5833984375 0.7673859375000001 0.5573 0.7641640625 0.5511296875 0.7554937500000001 0.5178578125 0.7047671875 0.53133125 0.6476468750000001 0.5269203124999999 0.591040625 0.5273109375 0.5767249999999999 0.538428125 0.5603203125 0.566046875 0.5322015625 0.6091546875 0.5295828124999999 0.6541921875
0 0.615625 0.9 0.040625 0.0328125
0 0.590625 0.8390625 0.040625 0.03125
0 0.54140625 0.7828125 0.0515625 0.065625
0 0.1984375 0.75 0.040625 0.053125
0 0.671875 0.009375 0.09375 0.01875
0 0.9734375 0.50234375 0.053125 0.0390625
0 0.9515625 0.175 0.025 0.01875
0 0.34375 0.5203125 0.021875 0.0125
0 0.33515625 0.65078125 0.0203125 0.0171875
0 0.23359375 0.83671875 0.0265625 0.0140625
0 0.98359375 0.98828125 0.0328125 0.0234375
0 0.8984375 0.6171875 0.03125 0.01875
0 0.8296875 0.6046875 0.028125 0.028125