0 0.034375 0.8953125 0.06875 0.040625
0 0.190625 0.95859375 0.053125 0.0390625
0 0.0609375 0.9609375 0.025 0.025
0 0.8484375 0.83828125 0.15625 0.0703125
0 0.56875 0.68671875 0.05625 0.0515625
0 0.65625 0.7734375 0.040625 0.034375
0 0.3703125 0.875 0.053125 0.05625
0 0.5046875 0.58359375 0.0625 0.0421875
0 0.3875 0.5546875 0.05625 0.040625
0 0.2390625 0.7109375 0.034375 0.0375
0 0.80625 0.4703125 0.071875 0.04375
0 0.5921875 0.4078125 0.06875 0.040625
0 0.66640625 0.4390625 0.0328125 0.025
0 0.428125 0.71328125 0.040625 0.0234375
0 0.846875 0.38671875 0.0375 0.0234375
0 0.97734375 0.421875 0.0328125 0.028125
0 0.01796875 0.7203125 0.0359375 0.025
0 0.0078125 0.3890625 0.015625 0.04375
0 0.0203125 0.03203125 0.040625 0.0296875
0 0.3671875 0.05 0.03125 0.028125
0 0.1453125 0.28671875 0.021875 0.0140625
0 0.24375 0.084375 0.021875 0.028125
0 0.190625 0.1390625 0.034375 0.05
0 0.140625 0.13515625 0.025 0.0203125
0 0.4171875 0.04609375 0.034375 0.0359375
0 0.53125 0.0484375 0.059375 0.05
0 0.8 0.24375 0.078125 0.075
0 0.4703125 0.2484375 0.1875 0.059375
0 0.38359375 0.16875 0.0515625 0.046875
0 0.74296875 0.14375 0.0578125 0.06875
0 0.9734375 0.14765625 0.053125 0.0453125
0 0.990625 0.20078125 0.01875 0.0265625
0 0.95625 0.2890625 0.03125 0.0125
0 0.678125 0.115625 0.071875 0.05
0 0.35390625 0.11328125 0.0734375 0.0296875
0 0.8484375 0.7921875 0.028125 0.0171875
0 0.803125 0.7671875 0.040625 0.021875
0 0.70703125 0.7015625 0.0140625 0.015625