0 0.3109375 0.13125 0.084375 0.06875
0 0.10625 0.0921875 0.053125 0.090625
0 0.7238187500000001 1 0.7566265624999999 0.8922640625 0.7626640625000001 0.79713125 0.781396875 0.7448828125 0.778296875 0.670871875 0.7476281250000001 0.6124234375000001 0.7649125 0.5915265625 0.7847140625 0.53815 0.7847140625 0.5239421875 0.7994328125 0.4942984375 0.7910625 0.47650156250000003 0.793015625 0.4502484375 0.7232453125 0.4438671875 0.7258578124999999 0.3858109375 0.66083125 0.38740312499999996 0.591409375 0.3274546875 0.5807984375 0.256659375 0.5371406249999999 0.23496562499999998 0.41996093749999996 0.35289375 0.3872140625 0.6427906250000001 0.4866 0.72864375 0.6277828125 0.8811562500000001 0.5996406249999999 0.9124546875 0.6295734375 0.9877 0.7238187500000001 1
0 0.23125 0.034375 0.021875 0.01875
0 0.7921875 0.0375 0.028125 0.025
0 0.4234375 0.00859375 0.03125 0.0171875
0 0.3546875 0.696875 0.053125 0.034375
0 0.2125 0.2484375 0.025 0.021875
0 0.5296875 0.8890625 0.021875 0.015625
0 0.375 0.90703125 0.021875 0.0140625
0 0.44375 0.23125 0.025 0.028125