0 0 0.9816062499999999 0.07550625 0.9537953124999999 0.141884375 0.9368109375 0.1916390625 0.9211812500000001 0.2578671875 0.8860906249999999 0.2962875 0.8354953125 0.32131875 0.83669375 0.3712859375 0.8769265624999999 0.47567343749999996 0.84223125 0.5817015624999999 0.8122109375000001 0.659140625 0.775759375 0.732596875 0.7579546875000001 0.8247703124999999 0.7265343750000001 0.9062015625000001 0.692371875 0.9986828125 0.6595187499999999 1 0.5020687500000001 0.9788296875 0.5280437499999999 0.905034375 0.569171875 0.8787515625 0.578965625 0.8261640625 0.5985265625 0.7820640625 0.629521875 0.7658125 0.6452890625000001 0.7365078125 0.6324468750000001 0.704371875 0.6076828125 0.6906546875 0.674 0.6530109375 0.704971875 0.6186203124999999 0.6579578125000001 0.5997796875 0.6596046875 0.5835203124999999 0.6926828125 0.56076875 0.6852640625 0.5218828125 0.7216578124999999 0.5024796874999999 0.71165625 0.4789359375 0.711065625 0.45432812499999997 0.723671875 0.42861562500000006 0.741275 0.3877828125 0.7344984375 0.378390625 0.7544265625000001 0.31515312500000003 0.74441875 0.2615109375 0.7296734375 0.2658203125 0.8342953124999999 0.24180000000000001 0.8314375 0.2369859375 0.7289671875 0.26088125 0.66778125 0.274984375 0.6294640625000001 0.273921875 0.693640625 0.303634375 0.7098609375 0.319671875 0.66475625 0.31527812499999996 0.6972671874999999 0.35185468750000004 0.7194140625000001 0.40044218750000005 0.70025 0.41878125 0.68925625 0.4478515625 0.6910875 0.4709359375 0.6819703125000001 0.5087125 0.6639828125 0.52716875 0.6803 0.5540859375 0.6628109375 0.5558468750000001 0.6395046875 0.5798328125000001 0.6292625000000001 0.6104328125 0.609990625 0.616584375 0.5677375 0.6062531250000001 0.5503515625000001 0.5808875 0.5523203125 0.54353125 0.5889953125 0.5420734375 0.60855625 0.5261312499999999 0.6300890625 0.49074687499999997 0.6368484375000001 0.40400468749999996 0.6625359375000001 0.3426890625 0.65691875 0.330634375 0.6437859375 0.3195734375 0.607890625 0.30066875 0.566153125 0.26831875 0.6032140625 0.23100625 0.6186546875000001 0.23206875 0.78300625 0.197928125 0.77985625 0.1788765625 0.8000578125000001 0.1700671875 0.84243125 0.101484375 0.8512328124999999 0.0454109375 0.8544124999999999 0 0.8793703125000001 0 0.9816062499999999
0 0.971875 0.2125 0.05390625 0.06953125
0 0.9640625 0.371875 0.07109375 0.16015625
0 0.82421875 0.315625 0.0484375 0.084375
0 0.65625 0.1046875 0.059375 0.10078125
0 0.746875 0.2296875 0.03828125 0.04765625
0 0.19375 0.3484375 0.03125 0.04453125
0 0.1234375 0.13125 0.02578125 0.03984375
0 0.015625 0.7234375 0.03046875 0.034375
0 0.0078125 0.8203125 0.015625 0.034375
0 0.00859375 0.5296875 0.0171875 0.06328125
0 0.615625 0.43828125 0.015625 0.0546875
0 0.6140625 0.3203125 0.00859375 0.03984375
0 0.4953125 0.253125 0.021875 0.03125
0 0.403125 0.25546875 0.02265625 0.0265625
0 0.871875 0.02734375 0.05625 0.0515625
0 0.921875 0.05234375 0.01953125 0.0296875
0 0.984375 0.11015625 0.02890625 0.0421875
0 0.9578125 0.0671875 0.025 0.0875
0 0.8171875 0.55234375 0.01484375 0.0453125
0 0.909375 0.55 0.01875 0.02890625
0 0.74296875 0.353125 0.0234375 0.04375
0 0.7734375 0.3390625 0.015625 0.034375
0 0.46484375 0.1921875 0.0171875 0.02421875
0 0.89765625 0.2421875 0.0296875 0.07734375
0 0.92734375 0.1671875 0.0359375 0.06796875
0 0.6263078125 0 0.61304375 0.0039015624999999996 0.58556875 0.07021875 0.5656984375 0.080821875 0.5433515625 0.11714218750000001 0.530146875 0.16543593750000002 0.5379203125 0.18860468749999998 0.5579484375 0.1941703125 0.59164375 0.15728906250000002 0.5899078125 0.139271875 0.6055843750000001 0.0723234375 0.6271609375 0.0297328125 0.6431296875 0 0.6263078125 0
0 0.759375 0.603125 0.01484375 0.01640625
0 0.40703125 0.3546875 0.0609375 0.04453125
0 0.1796875 0.2921875 0.02109375 0.03203125
0 0.0703125 0.0953125 0.01796875 0.025
0 0.028125 0.1578125 0.01484375 0.028125
0 0.02734375 0.0484375 0.0203125 0.028125
0 0.6875 0.015625 0.025 0.02890625
0 0.7875 0.00625 0.03828125 0.01171875
0 0.6625 0.57109375 0.01015625 0.0140625
0 0.94453125 0.5109375 0.0328125 0.02578125
0 0.88046875 0.5109375 0.0203125 0.01875