0 0.75625 0.87578125 0.065625 0.0609375
0 0.3875 0.88125 0.140625 0.10625
0 0.334375 0.7953125 0.059375 0.04375
0 0.81796875 0.553125 0.0671875 0.071875
0 0.7015625 0.7078125 0.078125 0.0875
0 0.5828125 0.6921875 0.03125 0.05625
0 0.48671875 0.71875 0.0484375 0.05625
0 1 0 0.9311546875 0.043059375 0.8532578125000001 0.059759375 0.7775624999999999 0.0356296875 0.646184375 0.05965625 0.5761109375 0.1030328125 0.4856375 0.10279374999999999 0.34280937499999997 0.1205578125 0.30870625 0.1717671875 0.2607234375 0.208528125 0.2725609375 0.2858671875 0.3090953125 0.3106125 0.393046875 0.30032187499999996 0.4585125 0.3053078125 0.5180281250000001 0.349309375 0.5817859375000001 0.3417203125 0.6407609375 0.31710781250000003 0.6308890625 0.3480671875 0.5725609375 0.3705390625 0.5806359375000001 0.4620296875 0.605796875 0.4810484375 0.6584859375 0.474725 0.8040640625 0.394503125 0.8018484375 0.31954531249999996 0.8218125000000001 0.282603125 0.8423125 0.2954453125 0.876559375 0.33750468749999996 0.9401359375 0.3091359375 0.954928125 0.30569999999999997 0.9659734375 0.36758125 1 0.396696875 1 0
0 0.3706296875 0.4918453125 0.3375546875 0.5089890625 0.31715468750000003 0.55213125 0.3039453125 0.5876781249999999 0.2991546875 0.6447390625 0.30073906250000004 0.667815625 0.32813125 0.7216109375 0.3952875 0.7305796875 0.42575624999999995 0.7265109375 0.445509375 0.6949296875 0.451915625 0.657240625 0.43338906250000003 0.6062578125 0.4269375 0.580265625 0.4381046875 0.56779375 0.41360625000000006 0.5186296875 0.3706296875 0.4918453125
0 0.311853125 0.4492109375 0.2430125 0.45664375 0.208246875 0.46659375000000003 0.1878390625 0.498915625 0.17895 0.54826875 0.19003281249999998 0.5596640625 0.21306093750000002 0.5646265625 0.275875 0.5484109375 0.3186546875 0.5260140625 0.32998906250000004 0.47677500000000006 0.311853125 0.4492109375
0 0.13728281250000002 0.37776875 0.08725000000000001 0.4201703125 0.0351390625 0.45634375 0 0.48890625 0.008440625 0.5448953125 0.0355515625 0.5520296874999999 0.055440625 0.553784375 0.08822656250000001 0.553875 0.114596875 0.53415625 0.13102031249999999 0.5201171875 0.1507734375 0.4870375 0.170921875 0.451859375 0.1877171875 0.4247109375 0.1966234375 0.4019203125 0.20053749999999998 0.3940125 0.1890359375 0.360134375 0.13728281250000002 0.37776875
0 0.053679687499999997 0.6963546875 0.0697765625 0.723234375 0.1263671875 0.7336843749999999 0.1564640625 0.7364984375 0.1643328125 0.69498125 0.15947187499999999 0.6801437499999999 0.1635546875 0.671546875 0.1039484375 0.6771640624999999 0.053679687499999997 0.6963546875
0 0.8460375000000001 0.638484375 0.8585828125000001 0.6043046875 0.8245484375000001 0.5947671875 0.7944656250000001 0.5978140625 0.78588125 0.633896875 0.8460375000000001 0.638484375
0 0.19192343750000002 0.9676328125 0.176421875 0.9867015625000001 0.17710625 1 0.23649218749999998 0.9930203125 0.19192343750000002 0.9676328125
0 0.3352984375 0 0.24500937500000003 0.020115625 0.2082015625 0.0285203125 0.140375 0.047971875000000004 0.0720765625 0.06300781250000001 0.058487500000000005 0.08893593749999999 0.013825 0.08762031249999999 0 0.0892390625 0.0033515625 0.1732375 0.057550000000000004 0.1555703125 0.18274375 0.122359375 0.33702031250000003 0.0921109375 0.4237609375 0.065440625 0.6392453125 0.0089421875 0.702775 0 0.3352984375 0
0 0.17303125 0.1757453125 0.129390625 0.1762921875 0.08021249999999999 0.1858859375 0.0689078125 0.21440781250000002 0.0748578125 0.22839062499999999 0.0877921875 0.2384578125 0.110675 0.24259375 0.1503 0.24581406249999999 0.1852578125 0.2429984375 0.2036921875 0.21671562500000002 0.17303125 0.1757453125