0 1 0.01839375 0.9244937500000001 0.0462046875 0.8581156249999999 0.0631890625 0.8083609375 0.07881875 0.7421328125 0.11390937500000001 0.7037125 0.1645046875 0.67868125 0.16330625000000001 0.6287140625000001 0.1230734375 0.5243265625 0.15776874999999999 0.4182984375 0.1877890625 0.340859375 0.22424062500000003 0.267403125 0.2420453125 0.1752296875 0.273465625 0.0937984375 0.30762812500000003 0.0013171875 0.34048124999999996 0 0.49793125 0.0211703125 0.47195625 0.094965625 0.430828125 0.1212484375 0.42103437499999996 0.17383593749999998 0.4014734375 0.2179359375 0.370478125 0.2341875 0.3547109375 0.2634921875 0.36755312500000004 0.295628125 0.3923171875 0.30934531249999997 0.32599999999999996 0.3469890625 0.29502812500000003 0.3813796875 0.34204218750000004 0.4002203125 0.3403953125 0.41647968750000003 0.3073171875 0.43923125 0.3147359375 0.4781171875 0.2783421875 0.4975203125 0.28834375 0.5210640625 0.288934375 0.545671875 0.276328125 0.5713843749999999 0.258725 0.6122171875 0.2655015625 0.621609375 0.2455734375 0.6848468750000001 0.25558125 0.7384890625 0.2703265625 0.7341796875 0.1657046875 0.7582 0.1685625 0.7630140625 0.2710328125 0.73911875 0.33221875 0.7250156249999999 0.3705359375 0.726078125 0.306359375 0.696365625 0.2901390625 0.6803281250000001 0.33524375 0.6847218749999999 0.3027328125 0.6481453125 0.2805859375 0.5995578125 0.29975 0.58121875 0.31074375 0.5521484375 0.30891250000000003 0.5290640625 0.3180296875 0.4912875 0.3360171875 0.47283125000000004 0.3197 0.4459140625 0.33718906249999997 0.444153125 0.3604953125 0.4201671875 0.3707375 0.3895671875 0.390009375 0.383415625 0.43226250000000005 0.393746875 0.44964843749999994 0.41911250000000005 0.4476796875 0.45646875 0.4110046875 0.45792656249999997 0.39144375 0.47386875 0.3699109375 0.5092531250000001 0.3631515625 0.5959953125 0.3374640625 0.6573109374999999 0.34308125 0.669365625 0.3562140625 0.6804265625 0.392109375 0.69933125 0.43384687499999997 0.7316812500000001 0.3967859375 0.76899375 0.38134531250000003 0.76793125 0.21699375 0.802071875 0.22014375 0.8211234375 0.19994218749999998 0.8299328125000001 0.15756874999999998 0.8985156249999999 0.1487671875 0.9545890625 0.1455875 1 0.1206296875 1 0.01839375
0 0.028125 0.7875 0.053125 0.06875
0 0.0359375 0.628125 0.071875 0.159375
0 0.17578125 0.684375 0.0484375 0.084375
0 0.34375 0.8953125 0.059375 0.1
0 0.253125 0.7703125 0.0375 0.046875
0 0.80625 0.6515625 0.03125 0.04375
0 0.8765625 0.86875 0.025 0.040625
0 0.984375 0.2765625 0.03125 0.034375
0 0.9921875 0.1796875 0.015625 0.034375
0 0.99140625 0.4703125 0.0171875 0.0625
0 0.384375 0.56171875 0.015625 0.0546875
0 0.3859375 0.6796875 0.009375 0.040625
0 0.5046875 0.746875 0.021875 0.03125
0 0.596875 0.74453125 0.021875 0.0265625
0 0.128125 0.97265625 0.05625 0.0515625
0 0.078125 0.94765625 0.01875 0.0296875
0 0.015625 0.88984375 0.028125 0.0421875
0 0.0421875 0.9328125 0.025 0.0875
0 0.1828125 0.44765625 0.015625 0.0453125
0 0.090625 0.45 0.01875 0.028125
0 0.25703125 0.646875 0.0234375 0.04375
0 0.2265625 0.6609375 0.015625 0.034375
0 0.53515625 0.8078125 0.0171875 0.025
0 0.10234375 0.7578125 0.0296875 0.078125
0 0.07265625 0.8328125 0.0359375 0.06875
0 0.3736921875 1 0.38695625 0.9960984375 0.41443125 0.9297812499999999 0.43430156249999996 0.919178125 0.4566484375 0.8828578125 0.46985312500000004 0.8345640624999999 0.4620796875 0.8113953125 0.4420515625 0.8058296875 0.40835625000000003 0.8427109375 0.4100921875 0.860728125 0.394415625 0.9276765625 0.3728390625 0.9702671875 0.3568703125 1 0.3736921875 1
0 0.240625 0.396875 0.015625 0.015625
0 0.59296875 0.6453125 0.0609375 0.04375
0 0.8203125 0.7078125 0.021875 0.03125
0 0.9296875 0.9046875 0.01875 0.025
0 0.971875 0.8421875 0.015625 0.028125
0 0.97265625 0.9515625 0.0203125 0.028125
0 0.3125 0.984375 0.025 0.028125
0 0.2125 0.99375 0.0375 0.0125
0 0.3375 0.42890625 0.009375 0.0140625
0 0.05546875 0.4890625 0.0328125 0.025
0 0.11953125 0.4890625 0.0203125 0.01875