0 0.6890625 0.86875 0.084375 0.06875
0 0.89375 0.9078125 0.053125 0.090625
0 0.27618125 0 0.24337343749999998 0.10773593749999999 0.2373359375 0.20286875000000001 0.218603125 0.2551171875 0.22170312499999997 0.329128125 0.252371875 0.3875765625 0.23508749999999998 0.4084734375 0.21528593749999997 0.46185 0.21528593749999997 0.4760578125 0.2005671875 0.5057015625 0.2089375 0.5234984375 0.206984375 0.5497515625 0.2767546875 0.5561328125 0.27414218749999997 0.6141890625 0.33916875 0.612596875 0.408590625 0.6725453124999999 0.41920156249999996 0.743340625 0.462859375 0.765034375 0.5800390625 0.64710625 0.6127859375 0.357209375 0.5134000000000001 0.27135625 0.3722171875 0.11884375 0.400359375 0.0875453125 0.3704265625 0.0123 0.27618125 0
0 0.76875 0.965625 0.021875 0.01875
0 0.2078125 0.9625 0.028125 0.025
0 0.5765625 0.99140625 0.03125 0.0171875
0 0.6453125 0.303125 0.053125 0.034375
0 0.7875 0.7515625 0.025 0.021875
0 0.4703125 0.1109375 0.021875 0.015625
0 0.625 0.09296875 0.021875 0.0140625
0 0.55625 0.76875 0.025 0.028125