0 0.6890625 0.13125 0.08359375 0.06953125
0 0.89375 0.0921875 0.05390625 0.090625
0 0.27414218749999997 0.3858109375 0.2767546875 0.4438671875 0.206984375 0.4502484375 0.2089375 0.47650156250000003 0.2005671875 0.4942984375 0.21528593749999997 0.5239421875 0.21528593749999997 0.53815 0.23508749999999998 0.5915265625 0.252371875 0.6124234375000001 0.22170312499999997 0.670871875 0.218603125 0.7448828125 0.2373359375 0.79713125 0.24337343749999998 0.8922640625 0.27618125 1 0.3704265625 0.9877 0.400359375 0.9124546875 0.3722171875 0.8811562500000001 0.5134000000000001 0.72864375 0.6127859375 0.6427906250000001 0.5800390625 0.35289375 0.462859375 0.23496562499999998 0.41920156249999996 0.256659375 0.408590625 0.3274546875 0.33916875 0.38740312499999996 0.27414218749999997 0.3858109375
0 0.76875 0.034375 0.02265625 0.01953125
0 0.2078125 0.0375 0.02734375 0.025
0 0.5765625 0.00859375 0.03125 0.0171875
0 0.6453125 0.696875 0.05234375 0.03359375
0 0.7875 0.2484375 0.025 0.021875
0 0.4703125 0.8890625 0.02109375 0.01484375
0 0.625 0.90703125 0.02265625 0.0140625
0 0.55625 0.23125 0.02578125 0.028125