0 0.20032343749999998 0.18863125 0.16175625 0.18631875 0.114628125 0.18579218749999998 0.0809796875 0.1815421875 0.0461859375 0.177771875 0.0026671875000000003 0.17704843750000002 0 0.21667187499999999 0.19766875 0.22423437499999999 0.20032343749999998 0.18863125
0 0.48355156250000003 0.2265625 0.497234375 0.21402187499999997 0.5120546874999999 0.21402187499999997 0.5024796874999999 0.1998875 0.5032390625 0.1902796875 0.447796875 0.189746875 0.4216640625 0.19802187499999999 0.3743109375 0.1992078125 0.3472953125 0.18412656249999998 0.3095796875 0.1906390625 0.28144843750000004 0.190715625 0.2835640625 0.2191796875 0.48355156250000003 0.2265625
0 0.6675796875 0.2206875 0.752703125 0.21752031249999998 0.7886124999999999 0.2097734375 0.8140796874999999 0.20736875000000002 0.844109375 0.22739531249999997 0.862221875 0.2252515625 0.9023703125000001 0.24911875 0.926984375 0.27453125 0.9491343750000001 0.2569640625 0.9702546875 0.22774375 0.946478125 0.225409375 0.928340625 0.2182 0.9157578125000001 0.20391875 0.8727046875 0.193228125 0.843953125 0.182484375 0.837678125 0.140728125 0.8208500000000001 0.13632187499999998 0.790115625 0.1667609375 0.7638125 0.1717828125 0.734109375 0.18810312499999998 0.6991359375 0.1966515625 0.6762109374999999 0.1944359375 0.6421125 0.19916406250000002 0.65229375 0.2127328125 0.6675796875 0.2206875
0 0.3609375 0.12421875 0.059375 0.0515625
0 0.5796875 0.115625 0.0578125 0.046875
0 0.71015625 0.034375 0.0453125 0.028125
0 0.634375 0.06640625 0.034375 0.0203125
0 0.53046875 0.0953125 0.0203125 0.015625
0 0.49375 0.1140625 0.0375 0.01875
0 0.784375 0.1109375 0.025 0.021875
0 0.0609375 0.0515625 0.01875 0.015625
0 0.1375 0.12421875 0.015625 0.0171875
0 0.975 0.16875 0.05 0.09375
0 0.5296875 0.03828125 0.021875 0.0203125