0 0.1546875 0.61328125 0.03671875 0.0390625
0 0.26640625 0.66875 0.0171875 0.05625
0 0.38125 0.45390625 0.02421875 0.0296875
0 0.77890625 0.909375 0.0203125 0.03203125
0 0.8640625 0.89765625 0.01640625 0.0296875
0 0.9390625 0.9625 0.015625 0.028125
0 0.04375 0.93671875 0.02421875 0.0234375
0 0.01171875 0.67578125 0.0234375 0.0265625
0 0.0078125 0.4875 0.015625 0.03359375
0 0.57890625 0.084375 0.0265625 0.04765625
0 0.203125 0.1421875 0.01484375 0.021875
0 0.24375 0.0765625 0.01328125 0.02421875
0 0.37109375 0.11875 0.0171875 0.015625
0 0.3828125 0.23515625 0.02265625 0.0234375
0 0.33828125 0.20625 0.0140625 0.01953125
0 0.8078125 0.40546875 0.01953125 0.0390625
0 0.934375 0.425 0.025 0.02734375
0 0.8484375 0.11875 0.03671875 0.04453125
0 0.853125 0.01171875 0.03203125 0.0234375
0 0.6828125 0.034375 0.015625 0.053125
0 0.37578125 0.734375 0.0515625 0.03203125
0 0.69453125 0.7640625 0.0328125 0.01640625
0 0.625 0.696875 0.10546875 0.04609375
0 0.48125 0.45703125 0.04453125 0.0390625
0 0.4765625 0.35625 0.03984375 0.04296875
0 0.5796875 0.5171875 0.03359375 0.05625
0 0.2859375 0.9859375 0.02265625 0.02578125
0 0.453125 0.83203125 0.01171875 0.0203125
0 0.97265625 0.72265625 0.0109375 0.0359375
0 0.1203125 0.4203125 0.015625 0.02578125
0 0.071875 0.6609375 0.01328125 0.028125
0 0.1328125 0.6515625 0.01796875 0.01796875
0 0.18125 0.67734375 0.01640625 0.0171875
0 0.28671875 0.64375 0.0203125 0.015625
0 0.3828125 0.66875 0.01171875 0.015625
0 0.3078125 0.4390625 0.01328125 0.02109375
0 0.5328125 0.1375 0.01484375 0.015625
0 0.3609375 0.325 0.00859375 0.0125