0 0.8453125 0.38671875 0.0375 0.0390625
0 0.73359375 0.33125 0.0171875 0.05625
0 0.61875 0.54609375 0.025 0.0296875
0 0.22109375 0.090625 0.0203125 0.03125
0 0.1359375 0.10234375 0.015625 0.0296875
0 0.0609375 0.0375 0.015625 0.028125
0 0.95625 0.06328125 0.025 0.0234375
0 0.98828125 0.32421875 0.0234375 0.0265625
0 0.9921875 0.5125 0.015625 0.034375
0 0.42109375 0.915625 0.0265625 0.046875
0 0.796875 0.8578125 0.015625 0.021875
0 0.75625 0.9234375 0.0125 0.025
0 0.62890625 0.88125 0.0171875 0.015625
0 0.6171875 0.76484375 0.021875 0.0234375
0 0.66171875 0.79375 0.0140625 0.01875
0 0.1921875 0.59453125 0.01875 0.0390625
0 0.065625 0.575 0.025 0.028125
0 0.1515625 0.88125 0.0375 0.04375
0 0.146875 0.98828125 0.03125 0.0234375
0 0.3171875 0.965625 0.015625 0.053125
0 0.62421875 0.265625 0.0515625 0.03125
0 0.30546875 0.2359375 0.0328125 0.015625
0 0.375 0.303125 0.10625 0.046875
0 0.51875 0.54296875 0.04375 0.0390625
0 0.5234375 0.64375 0.040625 0.04375
0 0.4203125 0.4828125 0.034375 0.05625
0 0.7140625 0.0140625 0.021875 0.025
0 0.546875 0.16796875 0.0125 0.0203125
0 0.02734375 0.27734375 0.0109375 0.0359375
0 0.8796875 0.5796875 0.015625 0.025
0 0.928125 0.3390625 0.0125 0.028125
0 0.8671875 0.3484375 0.01875 0.01875
0 0.81875 0.32265625 0.015625 0.0171875
0 0.71328125 0.35625 0.0203125 0.015625
0 0.6171875 0.33125 0.0125 0.015625
0 0.6921875 0.5609375 0.0125 0.021875
0 0.4671875 0.8625 0.015625 0.015625
0 0.6390625 0.675 0.009375 0.0125