0 0.6 0.825 0.534375 0.0890625
0 0.5 0.19375 0.996875 0.2765625
0 0.15390625 0.5734375 0.0265625 0.0375
0 0.6546875 0.375 0.053125 0.071875
0 0.59921875 0.36875 0.0265625 0.053125
0 0.86484375 0.7390625 0.1828125 0.1234375
0 0.90234375 0.590625 0.0390625 0.05625
0 0.9328125 0.4015625 0.03125 0.05
0 0.51015625 0.5125 0.0171875 0.040625
0 0.3 0.4375 0.009375 0.025
0 0.22421875 0.3953125 0.0328125 0.028125
0 0.09375 0.384375 0.015625 0.034375
0 0.3625 0.8921875 0.028125 0.05625
0 0.5171875 0.925 0.03125 0.034375
0 0.790625 0.56328125 0.04375 0.1296875
0 0.8390625 0.3828125 0.0375 0.046875
0 0.71015625 0.3890625 0.0296875 0.05625
0 0.73359375 0.45859375 0.0328125 0.0359375
0 0.5546875 0.54765625 0.025 0.0390625
0 0.25234375 0.6109375 0.0421875 0.128125
0 0.15234375 0.5734375 0.0265625 0.046875