0 0.6096515625000001 0.3668796875 0.646215625 0.31899062499999997 0.630909375 0.2810578125 0.6448625 0.22902343749999998 0.6280187500000001 0.1791109375 0.6236265624999999 0.0915890625 0.500628125 0.096603125 0.43001875 0.0995625 0.3393859375 0.10884374999999999 0.295890625 0.23083749999999997 0.2704578125 0.4340390625 0.28466718750000003 0.5922125 0.2807 0.7121906250000001 0.27630781249999997 0.8189671875 0.288325 0.8721703125 0.366184375 0.8696406250000001 0.4793125 0.8891562499999999 0.5442796875 0.9037890624999999 0.6226812500000001 0.8670640625000001 0.6344515625 0.8923328125 0.6655562500000001 0.8746234375 0.6468546875000001 0.7882328125 0.614125 0.78335625 0.6076078125000001 0.7488234375 0.6297984375000001 0.63801875 0.6244203125000001 0.556340625 0.6096515625000001 0.3668796875
0 1 0.8255343749999999 0.8647375 0.6864 0.7787296875 0.649921875 0.6637484375 0.753221875 0.6838890625 0.9558625 1 1 1 0.8255343749999999
0 0.1634734375 0.135296875 0.1230109375 0.1295140625 0.0466078125 0.1385796875 0 0.1449 0.0112484375 0.6187328125 0.2748046875 0.67755 0.3277953125 0.1114671875 0.1634734375 0.135296875
0 0.0484375 0.7109375 0.096875 0.065625
0 0.8625 0.315625 0.028125 0.04375
0 0.68125 0.4328125 0.1 0.2625
0 1 0.0649296875 0.6322625000000001 0.08788281249999999 0.6353671875 0.1600875 0.65275625 0.1971578125 0.6601203124999999 0.30425625 0.6348765625 0.3630734375 0.6209718750000001 0.4455046875 0.679996875 0.4478890625 0.7375203124999999 0.401475 0.76671875 0.35357656249999997 0.7911390625 0.24989218750000003 0.8511953125 0.26992343750000003 0.858421875 0.139040625 0.8988828124999999 0.1408328125 0.8848218749999999 0.2279390625 0.9172453125000001 0.320459375 0.9661203125 0.40830312500000004 1 0.4390609375 1 0.0649296875
0 0.0044875 0.8120843750000001 0 0.8487640624999999 0.2403484375 0.8948921875 0.2992765625 0.8870421875 0.24722968750000002 0.8298859375 0.1725421875 0.817459375 0.11279687499999999 0.8073171875 0.13543125 0.7845484375 0.122890625 0.7469703125 0.052946875000000004 0.7686859375 0.044592187500000005 0.81774375 0.0314578125 0.8103546875 0.0044875 0.8120843750000001
0 0.1859375 0.76640625 0.01875 0.0390625
0 0.609375 0.9125 0.015625 0.0125
0 0.48203125 0.903125 0.0265625 0.01875