0 0.4 0.825 0.534375 0.08828125
0 0.5 0.19375 0.99765625 0.27578125
0 0.84609375 0.5734375 0.0265625 0.03671875
0 0.3453125 0.375 0.053125 0.07109375
0 0.40078125 0.36875 0.0265625 0.053125
0 0.13515625 0.7390625 0.1828125 0.12265625
0 0.09765625 0.590625 0.0390625 0.05625
0 0.0671875 0.4015625 0.03203125 0.05
0 0.48984375 0.5125 0.0171875 0.04140625
0 0.7 0.4375 0.01015625 0.025
0 0.77578125 0.3953125 0.0328125 0.028125
0 0.90625 0.384375 0.01640625 0.03359375
0 0.6375 0.8921875 0.028125 0.05703125
0 0.4828125 0.925 0.03046875 0.03515625
0 0.209375 0.56328125 0.04375 0.1296875
0 0.1609375 0.3828125 0.03671875 0.04609375
0 0.28984375 0.3890625 0.0296875 0.05703125
0 0.26640625 0.45859375 0.0328125 0.0359375
0 0.4453125 0.54765625 0.02578125 0.0390625
0 0.74765625 0.6109375 0.0421875 0.12734375
0 0.84765625 0.5734375 0.0265625 0.04765625