0 0.815625 0.0078125 0.028125 0.015625
0 0.1796875 0.13359375 0.05 0.0796875
0 0.7546875 0.08828125 0.103125 0.1078125
0 0.309375 0.478125 0.015625 0.028125
0 0.69140625 0.4484375 0.0609375 0.05
0 0.8140625 0.2421875 0.034375 0.0375
0 0.39375 0.22890625 0.028125 0.0390625
0 0.0625 0.95078125 0.040625 0.0640625
0 0.0328125 0.8078125 0.065625 0.046875
0 0.1296875 0.15625 0.021875 0.028125
0 0.0140625 0.1359375 0.028125 0.053125
0 0.08828125 0.009375 0.0140625 0.01875
0 0.1375 0.04375 0.009375 0.01875
0 0.378125 0.0296875 0.0125 0.028125
0 0.396875 0.7453125 0.028125 0.028125
0 0.25234375 0.60234375 0.0265625 0.0296875
0 0.59921875 0.81640625 0.0265625 0.0328125
0 0.19375 0.890625 0.034375 0.0375
0 0.2015625 0.7125 0.034375 0.05625
0 0.06875 0.6671875 0.021875 0.040625
0 0.09375 0.471875 0.03125 0.025
0 0.190625 0.3625 0.025 0.04375
0 0.459375 0.765625 0.046875 0.0375
0 0.4296875 0.634375 0.025 0.04375
0 0.3734375 0.921875 0.040625 0.053125
0 0.2875 0.88828125 0.034375 0.0328125
0 0.884375 0.64375 0.0375 0.040625
0 0.78046875 0.37421875 0.0328125 0.0609375
0 0.659375 0.62578125 0.021875 0.0296875
0 0.89765625 0.971875 0.0546875 0.05625
0 0.8609375 0.79453125 0.034375 0.0765625
0 0.9390625 0.8546875 0.021875 0.025
0 0.984375 0.8625 0.028125 0.034375
0 0.7890625 0.48984375 0.015625 0.0265625
0 0.59375 0.5046875 0.01875 0.028125
0 0.5453125 0.48984375 0.025 0.0359375
0 0.396875 0.8328125 0.021875 0.05
0 0.7109375 0.765625 0.034375 0.046875
0 0.7234375 0.70078125 0.034375 0.0359375
0 0.625 0.65859375 0.01875 0.0234375
0 0.759375 0.90546875 0.025 0.0296875
0 0.89765625 0.3953125 0.0171875 0.021875
0 0.99140625 0.04453125 0.0171875 0.0234375
0 0.5078125 0.303125 0.01875 0.01875
0 0.54765625 0.16328125 0.0296875 0.0265625
0 0.590625 0.0890625 0.059375 0.046875
0 0.5359375 0.7484375 0.025 0.03125
0 0.6859375 0.87734375 0.01875 0.0359375
0 0.99296875 0.76484375 0.0140625 0.0265625
0 0.3421875 0.23359375 0.0125 0.0140625
0 0.5125 0.53203125 0.0125 0.0171875
0 0.715625 0.19375 0.01875 0.028125
0 0.296875 0.5859375 0.021875 0.05
0 0.2796875 0.5265625 0.04375 0.028125
0 0.121875 0.5875 0.0125 0.01875
0 0.1875 0.61015625 0.028125 0.0203125
0 0.1046875 0.6875 0.0125 0.025
0 0.06640625 0.871875 0.0171875 0.03125
0 0.45859375 0.909375 0.0234375 0.03125
0 0.8265625 0.9625 0.021875 0.01875
0 0.59296875 0.203125 0.0515625 0.1
0 0.6859375 0.2421875 0.01875 0.0625
0 0.59375 0.68984375 0.03125 0.0546875
0 0.875 0.59765625 0.0625 0.0390625
0 0.303125 0.6625 0.0375 0.034375
0 0.5609375 0.6171875 0.01875 0.021875
0 0.4609375 0.63359375 0.021875 0.0296875
0 0.4046875 0.4265625 0.009375 0.025
0 0.14921875 0.4453125 0.0140625 0.015625
0 0.07890625 0.2890625 0.0359375 0.0375
0 0.55 0.4171875 0.01875 0.021875
0 0.8796875 0.31875 0.0125 0.025
0 0.69609375 0.03203125 0.0296875 0.0265625
0 0.684375 0.1390625 0.05 0.04375