0 0.3973578125 0.2421421875 0.4545609375 0.1496390625 0.4092328125 0.1201640625 0.3395296875 0.22239375 0.3973578125 0.2421421875
0 0.41404687500000004 0.39323593749999997 0.3854609375 0.3973109375 0.362178125 0.4337859375 0.31668124999999997 0.51224375 0.3605421875 0.5347734375 0.4265484375 0.47882968750000005 0.4209703125 0.4103171875 0.41404687500000004 0.39323593749999997
0 0.45223125 0.6100078124999999 0.3786828125 0.6242953124999999 0.3612453125 0.62806875 0.29235937500000003 0.5904828125 0.2757546875 0.6071921875 0.256321875 0.65194375 0.14924375 0.69469375 0.090765625 0.7817484375 0.045009375000000004 0.7720796875 0.044489062499999996 0.8517046875000001 0.043259375 0.8904578125 0.0535671875 0.911809375 0.09095625 0.9062281249999999 0.1120546875 0.8901312499999999 0.2817609375 0.77281875 0.3283421875 0.7442078125 0.37048437500000003 0.7442078125 0.40153125 0.8145031250000001 0.3347296875 0.8554140625000001 0.29873906250000004 0.903365625 0.24172031249999998 0.8940640625 0.1230046875 0.9687718750000001 0.1948625 0.9953843750000001 0.6809062499999999 1 0.8048171875 0.9753265624999999 0.852346875 0.9429500000000001 0.8893531250000001 0.8760843749999999 0.9371953124999999 0.813684375 0.9111 0.7580546874999999 0.8384546875 0.7490796875 0.8318828125 0.723640625 0.806659375 0.6795125 0.7677640625000001 0.6620250000000001 0.7655109375 0.6993984375 0.7519171874999999 0.7252328125 0.6329875 0.768971875 0.521521875 0.7410890625000001 0.47325937500000004 0.6923859375 0.48139062499999996 0.6471875 0.5129109374999999 0.6228015625000001 0.45223125 0.6100078124999999
0 0.1480140625 0.6253828125 0.1744609375 0.658384375 0.217534375 0.63235 0.2326421875 0.59941875 0.2376171875 0.57750625 0.23317656250000002 0.5407390624999999 0.173665625 0.56755625 0.1480140625 0.6253828125
0 0.602284375 0.397265625 0.600809375 0.34923906250000003 0.5089984375000001 0.3355796875 0.5062171875 0.3869046875 0.602284375 0.397265625
0 0.5877343749999999 0.23893124999999998 0.6196375 0.253265625 0.63028125 0.21395 0.5877343749999999 0.23893124999999998
0 0.9540828125 0.0129828125 0.8511546875 0.011134375 0.8367890625 0.047695312499999996 0.9117203125 0.08376875 0.9706578125 0.0117234375 0.9540828125 0.0129828125
0 0.549490625 0.41103750000000006 0.5122234375 0.443409375 0.4863421875 0.49527031250000003 0.48163437499999995 0.5319609375 0.49831562500000004 0.53953125 0.547259375 0.495809375 0.5590875 0.43774687500000004 0.549490625 0.41103750000000006
0 0.2938484375 0.1857359375 0.2579125 0.153009375 0.31070625 0.1726046875 0.3655484375 0.187728125 0.36495937500000003 0.1626390625 0.3227796875 0.157109375 0.2853515625 0.1409265625 0.24100937500000003 0.12468125000000001 0.19030156250000002 0.10296875000000001 0.1413734375 0.078984375 0.0588546875 0.0575171875 0.005946875 0.040934375 0 0.1010734375 0.10153125 0.16107031249999998 0.27664062500000003 0.23103125000000002 0.2938484375 0.1857359375
0 0.670834375 0.16135 0.6826484374999999 0.19194687500000002 0.703271875 0.1812703125 0.6987484375 0.152403125 0.6798437500000001 0.1519515625 0.670834375 0.16135
0 0.968953125 0.1448015625 0.993221875 0.1438046875 0.9857796875 0.1220421875 0.9726140624999999 0.1186984375 0.96969375 0.130965625 0.968953125 0.1448015625
0 0.335815625 0.288275 0.3297703125 0.3453453125 0.289103125 0.35424687499999996 0.3008328125 0.3781171875 0.2806828125 0.41785468750000004 0.29783750000000003 0.43302500000000005 0.387715625 0.26963593750000003 0.335815625 0.288275
0 0.8334718750000001 0.2795453125 0.72083125 0.295321875 0.733959375 0.400059375 0.8733906250000001 0.3766 0.8334718750000001 0.2795453125
0 0.776178125 0.0861625 0.764753125 0.190034375 0.8705937499999999 0.17366874999999998 0.84155 0.0762015625 0.776178125 0.0861625
0 0.153065625 0.0074421875 0.13975312499999998 0.018959375 0.1710296875 0.0342765625 0.18622812500000002 0.0073265625 0.153065625 0.0074421875