0 0.353746875 0.0224359375 0.29483125 0.053581250000000004 0.06205625 0.356959375 0.0955734375 0.2783125 0.1373375 0.1910203125 0.166628125 0.13905625 0.1993 0.0706203125 0.22525625 0.0003828125 0.1828078125 0 0.125665625 0.107628125 0.024612500000000002 0.3200578125 0 0.424696875 0.0009921875 0.4959921875 0.0450703125 0.45842499999999997 0.09506718750000001 0.3869453125 0.1697953125 0.2806046875 0.1441140625 0.3787671875 0.105478125 0.46658125000000006 0.05109375000000001 0.5424828125000001 0.0944046875 0.5813609375000001 0.1707734375 0.6614953125 0.2638359375 0.7444796874999999 0.2985625 0.77410625 0.3176265625 0.8092671875 0.35893437499999997 0.8329828125000001 0.4162390625 0.888940625 0.488503125 0.9576140625 0.5358562499999999 0.9984703125 0.5425875 0.979928125 0.5147640625000001 0.9346328125 0.42286718749999996 0.7989265624999999 0.3718390625 0.6840921875 0.4278015625 0.6207296875 0.411684375 0.5992296875 0.3606046875 0.546928125 0.3379765625 0.45108125 0.3531546875 0.3858875 0.3573515625 0.3495625 0.3391328125 0.35163125 0.310809375 0.36526875 0.28390781249999997 0.3447015625 0.2737390625 0.3121390625 0.2769171875 0.2704328125 0.3035421875 0.23312499999999997 0.2687125 0.217534375 0.22983437499999998 0.2068640625 0.283678125 0.128715625 0.353746875 0.0224359375
0 0.44484843749999997 0.7937375 0.4600109375 0.8181890624999999 0.47273125 0.8141875000000001 0.4780578125 0.7914609375 0.4589125 0.7724890624999999 0.45015312500000004 0.7776625 0.44484843749999997 0.7937375
0 0.6953125 0.9859375 0.046875 0.028125
0 0.8703125 0.771875 0.01875 0.025
0 0.8144875 0.860203125 0.8443078125 0.8195234375 0.8371515625000001 0.8016546874999999 0.723884375 0.9322109375000001 0.740565625 0.9556515624999999 0.8144875 0.860203125
0 0.777578125 0.9279187500000001 0.77853125 0.9333265624999999 0.81500625 0.8889328125 0.790940625 0.897134375 0.777578125 0.9279187500000001
0 0.95 0.6734375 0.0125 0.009375
0 0.97109375 0.6453125 0.0109375 0.015625
0 0.99296875 0.06015625 0.0140625 0.0234375
0 0.378125 0.3046875 0.021875 0.01875
0 0.32138125 0.34333125 0.3351796875 0.34567187499999996 0.3442515625 0.3379609375 0.31959375 0.316053125 0.3207734375 0.235425 0.3012890625 0.235590625 0.297503125 0.2756953125 0.2998578125 0.30559375 0.32138125 0.34333125
0 0.535021875 0.1568625 0.5227109375000001 0.18711093750000002 0.539840625 0.23858281250000002 0.5730359375 0.250671875 0.5892078125 0.250809375 0.5988640625 0.218228125 0.5724953125 0.190284375 0.548109375 0.1704921875 0.535021875 0.1568625
0 0.49245312500000005 0.10861406250000001 0.49289062499999997 0.089903125 0.4766828125 0.0811640625 0.4740234375 0.106371875 0.49245312500000005 0.10861406250000001
0 0.70575 0.679190625 0.6962171875000001 0.689059375 0.7080328125 0.708046875 0.7287296875 0.7161828125 0.731175 0.70520625 0.72199375 0.695915625 0.70575 0.679190625