0 0.7709765625 0.3551375 0.7189421874999999 0.369090625 0.681009375 0.353784375 0.6331203125 0.39034843750000003 0.443659375 0.37557968750000004 0.36198125000000003 0.3702015625 0.2511765625 0.3923921875 0.21664374999999997 0.385875 0.2117671875 0.35314531250000003 0.1253765625 0.33444375000000004 0.1076671875 0.3655484375 0.1329359375 0.37731875000000004 0.09621093750000001 0.4557203125 0.11084374999999999 0.5206875 0.130359375 0.633815625 0.1278296875 0.711675 0.1810328125 0.7236921875 0.28780937500000003 0.7192999999999999 0.40778749999999997 0.7153328125 0.5659609375 0.7295421875 0.7691625 0.704109375 0.8911562500000001 0.6606140625 0.9004375 0.56998125 0.903396875 0.499371875 0.9084109375 0.37637343749999996 0.8208890625 0.37198125000000004 0.7709765625 0.3551375
0 0 0 0.0441375 0.3161109375 0.246778125 0.3362515625 0.350078125 0.2212703125 0.3136 0.1352625 0.174465625 0 0 0
0 0.32245 0.7251953125 0.3812671875 0.9887515625000001 0.8551 1 0.8614203125 0.9533921875000001 0.8704859375 0.8769890625000001 0.8647031249999999 0.8365265624999999 0.8885328124999999 0.6722046875000001 0.32245 0.7251953125
0 0.2890625 0.9515625 0.065625 0.096875
0 0.684375 0.1375 0.04375 0.028125
0 0.5671875 0.31875 0.2625 0.1
0 0.5609390624999999 0 0.591696875 0.0338796875 0.679540625 0.08275468750000001 0.7720609375 0.11517812499999999 0.8591671875 0.10111718750000001 0.860959375 0.141578125 0.7300765625000001 0.1488046875 0.7501078125 0.20886093749999998 0.6464234375 0.23328125000000002 0.598525 0.2624796875 0.5521109375 0.320003125 0.5544953125000001 0.379028125 0.6369265625 0.3651234375 0.69574375 0.33987968749999997 0.8028421874999999 0.34724374999999996 0.8399125 0.3646328125 0.9121171875 0.3677375 0.9350703125000001 0 0.5609390624999999 0
0 0.1512359375 1 0.187915625 0.9955125 0.1896453125 0.9685421875 0.18225625 0.9554078125000001 0.2313140625 0.947053125 0.2530296875 0.8771093750000001 0.21545156250000003 0.8645687499999999 0.1926828125 0.8872031249999999 0.18254062499999998 0.8274578125 0.1701140625 0.7527703125 0.1129578125 0.7007234375 0.10510781250000001 0.7596515625 0.1512359375 1
0 0.23359375 0.8140625 0.0390625 0.01875
0 0.0875 0.390625 0.0125 0.015625
0 0.096875 0.51796875 0.01875 0.0265625