0 0.965625 0.1046875 0.06875 0.040625
0 0.809375 0.04140625 0.0546875 0.0390625
0 0.9390625 0.0390625 0.025 0.025
0 0.1515625 0.16171875 0.15625 0.0703125
0 0.43125 0.31328125 0.05625 0.0515625
0 0.34375 0.2265625 0.040625 0.034375
0 0.6296875 0.125 0.0546875 0.05625
0 0.4953125 0.41640625 0.0625 0.0421875
0 0.6125 0.4453125 0.05625 0.040625
0 0.7609375 0.2890625 0.034375 0.0375
0 0.19375 0.5296875 0.071875 0.04375
0 0.4078125 0.5921875 0.06875 0.040625
0 0.33359375 0.5609375 0.0328125 0.025
0 0.571875 0.28671875 0.040625 0.0234375
0 0.153125 0.61328125 0.0375 0.0234375
0 0.02265625 0.578125 0.0328125 0.028125
0 0.98203125 0.2796875 0.0359375 0.025
0 0.9921875 0.6109375 0.015625 0.04375
0 0.9796875 0.96796875 0.040625 0.0296875
0 0.6328125 0.95 0.03125 0.028125
0 0.8546875 0.71328125 0.021875 0.0140625
0 0.75625 0.915625 0.021875 0.028125
0 0.809375 0.8609375 0.034375 0.05
0 0.859375 0.86484375 0.025 0.0203125
0 0.5828125 0.95390625 0.034375 0.0359375
0 0.46875 0.9515625 0.059375 0.05
0 0.2 0.75625 0.078125 0.075
0 0.5296875 0.7515625 0.1875 0.059375
0 0.61640625 0.83125 0.0515625 0.046875
0 0.25703125 0.85625 0.0578125 0.06875
0 0.0265625 0.85234375 0.053125 0.0453125
0 0.009375 0.79921875 0.01875 0.0265625
0 0.04375 0.7109375 0.03125 0.0125
0 0.321875 0.884375 0.071875 0.05
0 0.64609375 0.88671875 0.0734375 0.0296875
0 0.1515625 0.2078125 0.028125 0.0171875
0 0.196875 0.2328125 0.040625 0.021875
0 0.29296875 0.2984375 0.0140625 0.015625