0 0.7 0.81796875 0.684375 0.82421875 0.6984375 0.83046875 0.6953125 0.84296875 0.70859375 0.8453125 0.71328125 0.859375 0.72578125 0.8484375 0.73203125 0.8625 0.76015625 0.8640625 0.76015625 0.875 0.78515625 0.875 0.78828125 0.8640625 0.80859375 0.8578125 0.81484375 0.8625 0.8375 0.85703125 0.8328125 0.84921875 0.834375 0.82265625 0.80625 0.81953125 0.809375 0.78046875 0.821875 0.75859375 0.83125 0.69765625 0.8328125 0.57890625 0.825 0.51015625 0.8125 0.46328125 0.80234375 0.459375 0.79453125 0.4453125 0.775 0.44296875 0.765625 0.44921875 0.753125 0.50234375 0.74453125 0.509375 0.71171875 0.509375 0.7 0.51640625 0.68984375 0.571875 0.68515625 0.5546875 0.66875 0.56171875 0.65625 0.66640625 0.6578125 0.69296875 0.671875 0.71484375 0.6765625 0.75234375 0.684375 0.76328125 0.6765625 0.77578125 0.6765625 0.79296875 0.6953125 0.80390625 0.690625 0.80859375 0.7 0.81796875
0 0.6171875 0.93671875 0.63046875 0.9875 0.6375 0.93515625 0.6359375 0.83984375 0.6296875 0.81796875 0.6359375 0.67734375 0.6265625 0.63359375 0.61640625 0.621875 0.6 0.61953125 0.5859375 0.70078125 0.5875 0.85703125 0.60546875 0.8625 0.615625 0.87890625 0.6171875 0.93671875
0 0.5234375 0.61796875 0.53671875 0.6359375 0.5515625 0.63203125 0.5625 0.59140625 0.559375 0.51640625 0.5703125 0.44296875 0.5671875 0.39921875 0.575 0.38046875 0.56875 0.33046875 0.5671875 0.20859375 0.5765625 0.15546875 0.56796875 0.1390625 0.553125 0.13515625 0.5203125 0.15234375 0.5171875 0.21484375 0.51015625 0.225 0.4890625 0.22890625 0.49375 0.28203125 0.4890625 0.28984375 0.49375 0.31796875 0.4890625 0.32421875 0.5015625 0.33984375 0.4953125 0.34453125 0.49375 0.36953125 0.4890625 0.37109375 0.49375 0.38046875 0.4875 0.38671875 0.4859375 0.51328125 0.49375 0.54921875 0.5140625 0.56796875 0.5234375 0.61796875
0 0.475 0.41171875 0.46875 0.39140625 0.4859375 0.22265625 0.48203125 0.2125 0.4734375 0.21171875 0.4625 0.21484375 0.465625 0.21953125 0.45625 0.23046875 0.45 0.33359375 0.4390625 0.36796875 0.45 0.37578125 0.4421875 0.38046875 0.4484375 0.39453125 0.440625 0.44140625 0.4390625 0.55546875 0.43125 0.58828125 0.434375 0.61953125 0.44921875 0.640625 0.459375 0.63515625 0.4625 0.62109375 0.465625 0.54296875 0.4765625 0.48671875 0.475 0.41171875
0 0.27578125 0.8765625 0.28046875 0.884375 0.29765625 0.8765625 0.31875 0.85078125 0.3234375 0.83203125 0.33671875 0.8265625 0.36875 0.78984375 0.3640625 0.76796875 0.340625 0.73515625 0.35625 0.53046875 0.3515625 0.47421875 0.3359375 0.45078125 0.328125 0.44921875 0.303125 0.49921875 0.2984375 0.61953125 0.28984375 0.6265625 0.28984375 0.621875 0.27421875 0.61875 0.26171875 0.6 0.25390625 0.6015625 0.2453125 0.61015625 0.234375 0.65390625 0.2375 0.74921875 0.2515625 0.75859375 0.25390625 0.7671875 0.259375 0.76640625 0.2609375 0.84921875 0.25625 0.87265625 0.26171875 0.884375 0.26484375 0.875 0.27578125 0.8765625
0 0.296875 0.94453125 0.3078125 0.91640625 0.29921875 0.9 0.27578125 0.8859375 0.2671875 0.88671875 0.2328125 0.90546875 0.2375 0.93671875 0.2546875 0.95546875 0.25546875 1 0.271875 0.99765625 0.275 0.96015625 0.296875 0.94453125
0 0.4015625 0.32734375 0.4078125 0.32109375 0.40234375 0.3234375 0.4 0.31796875 0.3984375 0.23828125 0.3890625 0.20390625 0.3828125 0.20078125 0.3734375 0.24765625 0.365625 0.37265625 0.3671875 0.38671875 0.38359375 0.4 0.40625 0.38359375 0.4015625 0.32734375
0 0.26171875 0.3578125 0.2578125 0.35078125 0.2578125 0.27265625 0.246875 0.21484375 0.2421875 0.20390625 0.234375 0.20234375 0.2234375 0.26953125 0.21796875 0.2828125 0.20625 0.28046875 0.190625 0.30859375 0.1796875 0.37109375 0.18671875 0.378125 0.21953125 0.3828125 0.23671875 0.4046875 0.24453125 0.4046875 0.26171875 0.3828125 0.29765625 0.3796875 0.31328125 0.3734375 0.3140625 0.36640625 0.30546875 0.3671875 0.27578125 0.35 0.26953125 0.359375 0.26640625 0.35 0.26171875 0.3578125
0 0.87421875 0.2265625 0.88046875 0.234375 0.88359375 0.21875 0.88984375 0.21875 0.8921875 0.22578125 0.890625 0.25390625 0.8828125 0.25859375 0.89296875 0.2765625 0.9015625 0.27578125 0.90625 0.28984375 0.909375 0.37265625 0.921875 0.38203125 0.9375 0.13203125 0.94375 0.10703125 0.9359375 0.06796875 0.9265625 0.05703125 0.92890625 0 0.9015625 0.00078125 0.8953125 0.07734375 0.88515625 0.109375 0.87890625 0.1015625 0.87109375 0.109375 0.85 0.10078125 0.85 0.01015625 0.84765625 0 0.8359375 0.00078125 0.8234375 0.12578125 0.8109375 0.15859375 0.8125 0.20078125 0.828125 0.21015625 0.8203125 0.33671875 0.82734375 0.4046875 0.83359375 0.4046875 0.84375 0.38828125 0.8453125 0.28203125 0.859375 0.27734375 0.86171875 0.25 0.86640625 0.2640625 0.8734375 0.25859375 0.86953125 0.2484375 0.8796875 0.26171875 0.88125 0.24921875 0.8671875 0.23515625 0.87421875 0.2265625
0 0.73984375 0.4171875 0.75 0.40234375 0.75625 0.30078125 0.7796875 0.28671875 0.7765625 0.25078125 0.7890625 0.20234375 0.7859375 0.16484375 0.775 0.15859375 0.75625 0.12578125 0.765625 0.10546875 0.7671875 0.07265625 0.753125 0.02578125 0.7546875 0.00078125 0.734375 0.00078125 0.7265625 0.04453125 0.70625 0.08203125 0.7046875 0.12265625 0.709375 0.12734375 0.703125 0.13203125 0.7015625 0.15390625 0.7140625 0.17265625 0.70859375 0.1796875 0.70234375 0.1625 0.6953125 0.18671875 0.6953125 0.22734375 0.7 0.23984375 0.7109375 0.24453125 0.7109375 0.29609375 0.71875 0.32265625 0.7125 0.39921875 0.72578125 0.4203125 0.73984375 0.4171875
0 0.603125 0.09921875 0.60625 0.12734375 0.62109375 0.1359375 0.63828125 0.134375 0.65625 0.10546875 0.6390625 0.04453125 0.6296875 0.03671875 0.6078125 0.07734375 0.603125 0.09921875
0 0.709375 0.34765625 0.7140625 0.34296875 0.7109375 0.28984375 0.7078125 0.27421875 0.7 0.26953125 0.70625 0.26640625 0.70625 0.25703125 0.6765625 0.25546875 0.6765625 0.26953125 0.65390625 0.278125 0.6453125 0.28828125 0.6359375 0.33671875 0.640625 0.39296875 0.65078125 0.39375 0.6640625 0.41171875 0.67109375 0.440625 0.6890625 0.43203125 0.6921875 0.40546875 0.709375 0.38359375 0.703125 0.37734375 0.7140625 0.37109375 0.71328125 0.365625 0.7046875 0.36484375 0.70859375 0.35625 0.7140625 0.35859375 0.709375 0.34765625
0 0.56875 0.49609375 0.57578125 0.5109375 0.58125 0.50703125 0.58984375 0.528125 0.61015625 0.5296875 0.62890625 0.5234375 0.646875 0.49296875 0.6546875 0.36015625 0.63359375 0.36875 0.62421875 0.35 0.5984375 0.34453125 0.59140625 0.3578125 0.5796875 0.36015625 0.5703125 0.41484375 0.56875 0.49609375
0 1 0.43046875 0.97890625 0.4296875 0.97578125 0.434375 0.94375 0.42734375 0.92734375 0.4328125 0.91796875 0.4296875 0.9109375 0.44765625 0.9046875 0.44609375 0.9 0.46328125 0.903125 0.47421875 0.89375 0.51171875 0.9 0.56484375 0.884375 0.57421875 0.88125 0.58828125 0.884375 0.60859375 0.8984375 0.61484375 0.9015625 0.62734375 0.8984375 0.64609375 0.884375 0.65234375 0.884375 0.66953125 0.8984375 0.68515625 0.8984375 0.71796875 0.8953125 0.72890625 0.8875 0.73046875 0.8984375 0.73984375 0.8984375 0.81171875 0.915625 0.84453125 0.92734375 0.853125 0.95703125 0.8453125 0.97421875 0.8703125 0.99453125 0.8765625 1 0.87421875 1 0.43046875
0 0.83828125 1 0.846875 0.94453125 0.8453125 0.87734375 0.8359375 0.83828125 0.8296875 0.83515625 0.8203125 0.83828125 0.81953125 0.85 0.803125 0.85390625 0.80234375 0.86875 0.79453125 0.8578125 0.790625 0.86015625 0.78828125 0.884375 0.78359375 0.871875 0.7765625 0.87734375 0.78125 0.88515625 0.77421875 0.9109375 0.765625 0.89765625 0.76796875 0.8890625 0.71796875 0.8890625 0.70703125 0.8953125 0.68984375 0.884375 0.68515625 0.8875 0.68203125 0.8828125 0.67734375 0.8890625 0.67421875 0.8828125 0.66171875 0.8984375 0.6484375 0.87421875 0.6390625 0.86953125 0.63828125 0.840625 0.61484375 0.8671875 0.58828125 0.8609375 0.57578125 0.8453125 0.56640625 0.8453125 0.5625 0.87265625 0.55390625 0.878125 0.5453125 0.87109375 0.54453125 0.859375 0.53515625 0.8671875 0.51171875 0.8421875 0.44921875 0.8359375 0.4359375 0.88984375 0.44375 0.90703125 0.4671875 0.92109375 0.4609375 0.93984375 0.45234375 0.94375 0.44921875 0.9390625 0.4453125 0.94453125 0.4515625 0.99453125 0.46015625 1 0.48046875 0.9953125 0.48359375 1 0.55390625 1 0.56328125 0.99375 0.56484375 1 0.83828125 1
0 0.1515625 0.77890625 0.146875 0.99921875 0.22890625 1 0.23125 0.99453125 0.22265625 0.99375 0.2203125 0.98671875 0.23046875 0.9859375 0.23125 0.97890625 0.22578125 0.9765625 0.22265625 0.9828125 0.21953125 0.96875 0.21640625 0.9765625 0.2109375 0.97578125 0.19921875 0.9234375 0.1953125 0.92265625 0.1921875 0.94140625 0.18125 0.94296875 0.1609375 0.78359375 0.1515625 0.77890625
0 0.1125 0.45234375 0.12421875 0.4640625 0.13984375 0.465625 0.1484375 0.45859375 0.1484375 0.43515625 0.1390625 0.41328125 0.128125 0.41015625 0.1140625 0.43671875 0.1125 0.45234375
0 0.4265625 0.77109375 0.43359375 0.83125 0.49296875 0.834375 0.5328125 0.82734375 0.53125 0.77578125 0.52109375 0.7625 0.45625 0.76015625 0.43359375 0.7640625 0.4265625 0.77109375
0 0.8671875 0.49609375 0.871875 0.45859375 0.865625 0.42890625 0.853125 0.42578125 0.8390625 0.43359375 0.8390625 0.48828125 0.84921875 0.50625 0.8671875 0.49609375