0 0.7046875 0.96328125 0.71953125 0.9796875 0.75078125 0.9640625 0.76171875 0.9671875 0.78515625 0.9609375 0.79453125 0.965625 0.8171875 0.95078125 0.809375 0.92265625 0.8 0.91328125 0.8 0.89609375 0.7765625 0.87734375 0.7296875 0.88671875 0.7265625 0.93046875 0.70703125 0.934375 0.6984375 0.94453125 0.7046875 0.96328125
0 0.35546875 0.8296875 0.37734375 0.8203125 0.40078125 0.81875 0.41328125 0.80625 0.42890625 0.80625 0.4453125 0.79453125 0.45 0.75703125 0.4390625 0.70859375 0.43203125 0.6984375 0.4140625 0.69140625 0.284375 0.70390625 0.2796875 0.73046875 0.284375 0.82578125 0.28984375 0.83125 0.35546875 0.8296875
0 0.31875 0.91015625 0.3109375 0.90234375 0.29921875 0.9015625 0.2953125 0.90703125 0.29921875 0.9328125 0.31875 0.92734375 0.31875 0.91015625
0 0.2828125 0.60390625 0.284375 0.58671875 0.2734375 0.60078125 0.2734375 0.61171875 0.28359375 0.615625 0.29375 0.60703125 0.2828125 0.60390625
0 0.2953125 0.60859375 0.30703125 0.61875 0.32421875 0.61875 0.325 0.58984375 0.3140625 0.55078125 0.303125 0.55390625 0.29921875 0.5671875 0.290625 0.56015625 0.296875 0.57421875 0.2953125 0.60859375
0 0.2921875 0.53515625 0.31484375 0.55 0.35390625 0.5515625 0.359375 0.54453125 0.359375 0.49765625 0.3484375 0.47890625 0.35 0.46015625 0.33984375 0.459375 0.328125 0.46953125 0.31484375 0.5015625 0.29375 0.50390625 0.2921875 0.53515625
0 0.4203125 0.59609375 0.43046875 0.6 0.4375 0.56328125 0.4515625 0.54453125 0.4390625 0.53359375 0.4359375 0.51015625 0.428125 0.50703125 0.4109375 0.51484375 0.4 0.55703125 0.40546875 0.56875 0.4203125 0.57109375 0.4203125 0.59609375
0 0.70703125 0.634375 0.709375 0.62578125 0.6890625 0.60078125 0.67421875 0.6015625 0.665625 0.60859375 0.665625 0.62421875 0.67734375 0.63125 0.70703125 0.634375
0 0.60546875 0.334375 0.628125 0.30078125 0.63125 0.27109375 0.5953125 0.20078125 0.58671875 0.2015625 0.5765625 0.21640625 0.56875 0.26796875 0.578125 0.30546875 0.60546875 0.334375
0 0.675 0.28671875 0.684375 0.25546875 0.6703125 0.24609375 0.6609375 0.24921875 0.6578125 0.25859375 0.659375 0.28203125 0.66640625 0.2890625 0.675 0.28671875
0 0.653125 0.19921875 0.6234375 0.20703125 0.62890625 0.2296875 0.6625 0.23203125 0.665625 0.21484375 0.653125 0.19921875
0 0.7171875 0.16015625 0.715625 0.14765625 0.6875 0.12890625 0.6484375 0.13359375 0.6546875 0.18203125 0.67890625 0.196875 0.69140625 0.1953125 0.7171875 0.16015625
0 0.2625 0.23203125 0.2890625 0.27890625 0.29765625 0.284375 0.31875 0.26640625 0.328125 0.24765625 0.3265625 0.22265625 0.34140625 0.2109375 0.35859375 0.209375 0.37265625 0.1921875 0.378125 0.19296875 0.371875 0.15234375 0.34921875 0.1375 0.334375 0.13515625 0.28359375 0.1421875 0.2703125 0.16953125 0.271875 0.19453125 0.2609375 0.21171875 0.2625 0.23203125
0 0 0.41015625 0.01171875 0.4296875 0.03984375 0.4296875 0.0546875 0.42109375 0.053125 0.39296875 0.0140625 0.34921875 0 0.35703125 0 0.41015625
0 0.26171875 0.4546875 0.278125 0.44609375 0.27578125 0.4359375 0.2703125 0.44296875 0.278125 0.42265625 0.27421875 0.4203125 0.2703125 0.42734375 0.26875 0.30390625 0.25625 0.29921875 0.20703125 0.2984375 0.1875 0.30703125 0.178125 0.33203125 0.18046875 0.45 0.26171875 0.4546875
0 0.203125 0.62734375 0.23984375 0.675 0.2453125 0.66640625 0.2453125 0.64140625 0.2625 0.62578125 0.265625 0.61484375 0.2609375 0.48828125 0.26875 0.46015625 0.25234375 0.453125 0.2234375 0.45234375 0.1890625 0.45546875 0.19375 0.47109375 0.190625 0.55234375 0.203125 0.58359375 0.203125 0.62734375
0 0.45390625 0.6875 0.4546875 0.60234375 0.44453125 0.5953125 0.40859375 0.6 0.3984375 0.59140625 0.390625 0.59609375 0.3828125 0.61796875 0.3828125 0.68046875 0.39609375 0.6859375 0.45390625 0.6875
0 0.35703125 0.14375 0.34609375 0.146875 0.33359375 0.1390625 0.33046875 0.1453125 0.2890625 0.14765625 0.2890625 0.16796875 0.3015625 0.17265625 0.290625 0.18359375 0.303125 0.19140625 0.2890625 0.19921875 0.2984375 0.20390625 0.2953125 0.21484375 0.3046875 0.22265625 0.290625 0.23046875 0.30625 0.23828125 0.2921875 0.24296875 0.303125 0.25390625 0.2890625 0.25703125 0.296875 0.36953125 0.30234375 0.378125 0.33359375 0.384375 0.3421875 0.37109375 0.34765625 0.340625 0.35859375 0.334375 0.37265625 0.3375 0.40546875 0.315625 0.4125 0.31796875 0.41484375 0.3296875 0.44921875 0.340625 0.45546875 0.3296875 0.4640625 0.32890625 0.46875 0.31015625 0.4828125 0.30078125 0.48203125 0.2921875 0.48671875 0.3015625 0.4890625 0.28984375 0.49921875 0.2828125 0.50234375 0.290625 0.5234375 0.28671875 0.521875 0.27421875 0.5046875 0.25859375 0.50703125 0.253125 0.5234375 0.25390625 0.521875 0.22734375 0.51015625 0.21875 0.50703125 0.2296875 0.5015625 0.22734375 0.503125 0.19921875 0.4921875 0.18046875 0.471875 0.17265625 0.475 0.16640625 0.45703125 0.140625 0.44765625 0.1453125 0.4390625 0.13984375 0.39921875 0.1484375 0.39296875 0.1765625 0.38828125 0.1484375 0.36171875 0.1515625 0.35703125 0.14375