0 0.2953125 0.03671875 0.28046875 0.0203125 0.24921875 0.0359375 0.23828125 0.0328125 0.21484375 0.0390625 0.20546875 0.034375 0.1828125 0.04921875 0.190625 0.07734375 0.2 0.08671875 0.2 0.10390625 0.2234375 0.12265625 0.2703125 0.11328125 0.2734375 0.06953125 0.29296875 0.065625 0.3015625 0.05546875 0.2953125 0.03671875
0 0.64453125 0.1703125 0.62265625 0.1796875 0.59921875 0.18125 0.58671875 0.19375 0.57109375 0.19375 0.5546875 0.20546875 0.55 0.24296875 0.5609375 0.29140625 0.56796875 0.3015625 0.5859375 0.30859375 0.715625 0.29609375 0.7203125 0.26953125 0.715625 0.17421875 0.71015625 0.16875 0.64453125 0.1703125
0 0.68125 0.08984375 0.6890625 0.09765625 0.70078125 0.0984375 0.7046875 0.09296875 0.70078125 0.0671875 0.68125 0.07265625 0.68125 0.08984375
0 0.7171875 0.39609375 0.715625 0.41328125 0.7265625 0.39921875 0.7265625 0.38828125 0.71640625 0.384375 0.70625 0.39296875 0.7171875 0.39609375
0 0.7046875 0.39140625 0.69296875 0.38125 0.67578125 0.38125 0.675 0.41015625 0.6859375 0.44921875 0.696875 0.44609375 0.70078125 0.4328125 0.709375 0.43984375 0.703125 0.42578125 0.7046875 0.39140625
0 0.7078125 0.46484375 0.68515625 0.45 0.64609375 0.4484375 0.640625 0.45546875 0.640625 0.50234375 0.6515625 0.52109375 0.65 0.53984375 0.66015625 0.540625 0.671875 0.53046875 0.68515625 0.4984375 0.70625 0.49609375 0.7078125 0.46484375
0 0.5796875 0.40390625 0.56953125 0.4 0.5625 0.43671875 0.5484375 0.45546875 0.5609375 0.46640625 0.5640625 0.48984375 0.571875 0.49296875 0.5890625 0.48515625 0.6 0.44296875 0.59453125 0.43125 0.5796875 0.42890625 0.5796875 0.40390625
0 0.29296875 0.365625 0.290625 0.37421875 0.3109375 0.39921875 0.32578125 0.3984375 0.334375 0.39140625 0.334375 0.37578125 0.32265625 0.36875 0.29296875 0.365625
0 0.39453125 0.665625 0.371875 0.69921875 0.36875 0.72890625 0.4046875 0.79921875 0.41328125 0.7984375 0.4234375 0.78359375 0.43125 0.73203125 0.421875 0.69453125 0.39453125 0.665625
0 0.325 0.71328125 0.315625 0.74453125 0.3296875 0.75390625 0.3390625 0.75078125 0.3421875 0.74140625 0.340625 0.71796875 0.33359375 0.7109375 0.325 0.71328125
0 0.346875 0.80078125 0.3765625 0.79296875 0.37109375 0.7703125 0.3375 0.76796875 0.334375 0.78515625 0.346875 0.80078125
0 0.2828125 0.83984375 0.284375 0.85234375 0.3125 0.87109375 0.3515625 0.86640625 0.3453125 0.81796875 0.32109375 0.803125 0.30859375 0.8046875 0.2828125 0.83984375
0 0.7375 0.76796875 0.7109375 0.72109375 0.70234375 0.715625 0.68125 0.73359375 0.671875 0.75234375 0.6734375 0.77734375 0.65859375 0.7890625 0.64140625 0.790625 0.62734375 0.8078125 0.621875 0.80703125 0.628125 0.84765625 0.65078125 0.8625 0.665625 0.86484375 0.71640625 0.8578125 0.7296875 0.83046875 0.728125 0.80546875 0.7390625 0.78828125 0.7375 0.76796875
0 1 0.58984375 0.98828125 0.5703125 0.96015625 0.5703125 0.9453125 0.57890625 0.946875 0.60703125 0.9859375 0.65078125 1 0.64296875 1 0.58984375
0 0.73828125 0.5453125 0.721875 0.55390625 0.72421875 0.5640625 0.7296875 0.55703125 0.721875 0.57734375 0.72578125 0.5796875 0.7296875 0.57265625 0.73125 0.69609375 0.74375 0.70078125 0.79296875 0.7015625 0.8125 0.69296875 0.821875 0.66796875 0.81953125 0.55 0.73828125 0.5453125
0 0.796875 0.37265625 0.76015625 0.325 0.7546875 0.33359375 0.7546875 0.35859375 0.7375 0.37421875 0.734375 0.38515625 0.7390625 0.51171875 0.73125 0.53984375 0.74765625 0.546875 0.7765625 0.54765625 0.8109375 0.54453125 0.80625 0.52890625 0.809375 0.44765625 0.796875 0.41640625 0.796875 0.37265625
0 0.54609375 0.3125 0.5453125 0.39765625 0.55546875 0.4046875 0.59140625 0.4 0.6015625 0.40859375 0.609375 0.40390625 0.6171875 0.38203125 0.6171875 0.31953125 0.60390625 0.3140625 0.54609375 0.3125
0 0.64296875 0.85625 0.65390625 0.853125 0.66640625 0.8609375 0.66953125 0.8546875 0.7109375 0.85234375 0.7109375 0.83203125 0.6984375 0.82734375 0.709375 0.81640625 0.696875 0.80859375 0.7109375 0.80078125 0.7015625 0.79609375 0.7046875 0.78515625 0.6953125 0.77734375 0.709375 0.76953125 0.69375 0.76171875 0.7078125 0.75703125 0.696875 0.74609375 0.7109375 0.74296875 0.703125 0.63046875 0.69765625 0.621875 0.66640625 0.615625 0.6578125 0.62890625 0.65234375 0.659375 0.64140625 0.665625 0.62734375 0.6625 0.59453125 0.684375 0.5875 0.68203125 0.58515625 0.6703125 0.55078125 0.659375 0.54453125 0.6703125 0.5359375 0.67109375 0.53125 0.68984375 0.5171875 0.69921875 0.51796875 0.7078125 0.51328125 0.6984375 0.5109375 0.71015625 0.50078125 0.7171875 0.49765625 0.709375 0.4765625 0.71328125 0.478125 0.72578125 0.4953125 0.74140625 0.49296875 0.746875 0.4765625 0.74609375 0.478125 0.77265625 0.48984375 0.78125 0.49296875 0.7703125 0.4984375 0.77265625 0.496875 0.80078125 0.5078125 0.81953125 0.528125 0.82734375 0.525 0.83359375 0.54296875 0.859375 0.55234375 0.8546875 0.5609375 0.86015625 0.60078125 0.8515625 0.60703125 0.8234375 0.61171875 0.8515625 0.63828125 0.8484375 0.64296875 0.85625