0 0.2796875 0.77265625 0.2796875 0.78671875 0.290625 0.80078125 0.36640625 0.8265625 0.43203125 0.8203125 0.4359375 0.79453125 0.425 0.77890625 0.41640625 0.778125 0.41015625 0.7890625 0.38515625 0.790625 0.375 0.78203125 0.365625 0.74765625 0.35703125 0.7375 0.33828125 0.7375 0.325 0.72109375 0.3234375 0.70546875 0.3125 0.69921875 0.303125 0.70859375 0.30625 0.75703125 0.29140625 0.7671875 0.28359375 0.765625 0.2796875 0.77265625
0 0.1890625 0.39921875 0.1890625 0.41640625 0.19765625 0.4234375 0.23203125 0.4125 0.234375 0.38671875 0.24609375 0.3828125 0.2671875 0.35546875 0.265625 0.33046875 0.25625 0.31171875 0.234375 0.30234375 0.2234375 0.30703125 0.2140625 0.34609375 0.1953125 0.36015625 0.1984375 0.37734375 0.1890625 0.39921875
0 0 0.41015625 0.01640625 0.4296875 0.03828125 0.4296875 0.05625 0.41953125 0.0515625 0.39140625 0.0296875 0.36796875 0 0.37265625 0 0.41015625
0 0.21953125 0.5921875 0.23046875 0.59375 0.2359375 0.59140625 0.234375 0.51640625 0.2265625 0.49296875 0.21640625 0.4921875 0.2015625 0.51328125 0.196875 0.54140625 0.209375 0.58203125 0.21953125 0.5921875
0 0.29375 0.53671875 0.31328125 0.55 0.3578125 0.54765625 0.359375 0.49765625 0.34375 0.46328125 0.3296875 0.46953125 0.31484375 0.5015625 0.29765625 0.503125 0.29375 0.50859375 0.29375 0.53671875
0 0.35078125 0.296875 0.3421875 0.29609375 0.33203125 0.271875 0.3203125 0.27421875 0.3203125 0.31015625 0.2953125 0.32890625 0.296875 0.36796875 0.30234375 0.378125 0.31328125 0.378125 0.33046875 0.390625 0.340625 0.37109375 0.340625 0.34296875 0.36171875 0.33125 0.36953125 0.3359375 0.37734375 0.3234375 0.3984375 0.31640625 0.4015625 0.30078125 0.396875 0.29296875 0.409375 0.28515625 0.4109375 0.25234375 0.39296875 0.2609375 0.38515625 0.2578125 0.37734375 0.271875 0.35859375 0.2734375 0.35078125 0.296875
0 0.60859375 0.3328125 0.61875 0.30859375 0.628125 0.30078125 0.63125 0.26953125 0.59375 0.20078125 0.5828125 0.20546875 0.5765625 0.21796875 0.56875 0.26640625 0.58125 0.31171875 0.60859375 0.3328125
0 0.646875 0.15234375 0.65625 0.18515625 0.68203125 0.196875 0.69296875 0.1953125 0.7125 0.17265625 0.7171875 0.15078125 0.6921875 0.13046875 0.6875 0.09921875 0.6796875 0.09453125 0.6765625 0.10859375 0.6671875 0.11171875 0.665625 0.12578125 0.6484375 0.13046875 0.646875 0.15234375
0 0.70703125 0.934375 0.6984375 0.94609375 0.71953125 0.9796875 0.74609375 0.965625 0.79453125 0.965625 0.8171875 0.95234375 0.809375 0.92265625 0.8 0.91328125 0.8 0.89609375 0.7765625 0.87734375 0.76171875 0.878125 0.74609375 0.8875 0.7296875 0.88671875 0.7265625 0.93046875 0.70703125 0.934375
0 0.709375 0.62265625 0.68125 0.58359375 0.6671875 0.58984375 0.65625 0.61640625 0.67265625 0.63125 0.70546875 0.6359375 0.709375 0.62265625
0 0.29921875 0.640625 0.30703125 0.653125 0.3203125 0.65078125 0.3296875 0.61953125 0.3203125 0.55703125 0.3140625 0.55078125 0.2875 0.55859375 0.2703125 0.59921875 0.2828125 0.64609375 0.29140625 0.6484375 0.29921875 0.640625
0 0.2046875 0.58828125 0.2 0.61640625 0.2125 0.64296875 0.23203125 0.659375 0.2671875 0.61953125 0.2625 0.59140625 0.253125 0.58828125 0.2515625 0.57890625 0.2375 0.57109375 0.2296875 0.55703125 0.225 0.56015625 0.22890625 0.56875 0.21328125 0.56875 0.2 0.56015625 0.2046875 0.58828125
0 0.29921875 0.284375 0.315625 0.26796875 0.325 0.24140625 0.315625 0.19921875 0.2875 0.19296875 0.27109375 0.1984375 0.2625 0.20859375 0.2625 0.23203125 0.2890625 0.27890625 0.29921875 0.284375
0 0.27578125 0.2234375 0.30390625 0.221875 0.31796875 0.228125 0.33125 0.21015625 0.3328125 0.17578125 0.3234375 0.16796875 0.3171875 0.14765625 0.3078125 0.14296875 0.28515625 0.14375 0.271875 0.16796875 0.2765625 0.19140625 0.2640625 0.21484375 0.27578125 0.2234375
0 0.2859375 0.42109375 0.29140625 0.425 0.3 0.41015625 0.2953125 0.34296875 0.2734375 0.34765625 0.278125 0.36484375 0.2734375 0.37890625 0.284375 0.39140625 0.2859375 0.42109375
0 0.1921875 0.50390625 0.190625 0.43828125 0.1796875 0.44296875 0.171875 0.45859375 0.175 0.50234375 0.18203125 0.5109375 0.1921875 0.50390625
0 0.453125 0.54453125 0.440625 0.51328125 0.4296875 0.50703125 0.4171875 0.51015625 0.4109375 0.54453125 0.42109375 0.559375 0.44609375 0.5671875 0.453125 0.54453125
0 0.4015625 0.69140625 0.40390625 0.703125 0.41328125 0.7046875 0.421875 0.64140625 0.41875 0.62265625 0.3984375 0.59765625 0.3921875 0.59921875 0.384375 0.62265625 0.3859375 0.67890625 0.39765625 0.696875 0.4015625 0.69140625
0 0.40625 0.78359375 0.4078125 0.76953125 0.4140625 0.76953125 0.41953125 0.75625 0.42421875 0.7625 0.44375 0.75546875 0.4515625 0.71953125 0.4375 0.70078125 0.41015625 0.7015625 0.3859375 0.71328125 0.38125 0.76796875 0.38984375 0.7875 0.40625 0.78359375
0 0.5078125 0.83828125 0.50625 0.78046875 0.5 0.77421875 0.49375 0.78046875 0.4859375 0.82578125 0.4890625 0.84140625 0.49921875 0.8484375 0.5078125 0.83828125
0 0.19375 0.82890625 0.1875 0.81015625 0.178125 0.80390625 0.171875 0.80859375 0.1734375 0.83671875 0.18359375 0.8515625 0.18984375 0.8515625 0.19375 0.82890625
0 0.3203125 0.91015625 0.3109375 0.90078125 0.29921875 0.9 0.2921875 0.90859375 0.29921875 0.934375 0.3203125 0.92890625 0.3203125 0.91015625
0 0.3140625 0.86640625 0.3171875 0.85390625 0.3171875 0.84296875 0.303125 0.82265625 0.29296875 0.8234375 0.2875 0.83203125 0.290625 0.86484375 0.29921875 0.875 0.3140625 0.86640625
0 0.4875 0.17890625 0.47265625 0.1828125 0.4703125 0.19296875 0.49296875 0.2265625 0.5 0.20234375 0.4875 0.17890625
0 0.240625 0.24140625 0.234375 0.23046875 0.2203125 0.23203125 0.2171875 0.25078125 0.2234375 0.26796875 0.23671875 0.275 0.240625 0.24140625
0 0.23359375 0.2078125 0.228125 0.14609375 0.21953125 0.1453125 0.2078125 0.16015625 0.20625 0.18984375 0.21796875 0.1921875 0.23359375 0.2078125
0 0.1796875 0.35234375 0.1734375 0.32265625 0.1578125 0.29296875 0.14921875 0.29375 0.1421875 0.30390625 0.14140625 0.3625 0.15390625 0.3546875 0.1796875 0.35234375
0 0.2109375 0.44609375 0.2328125 0.43515625 0.2359375 0.40703125 0.2296875 0.39921875 0.19765625 0.40625 0.1921875 0.41328125 0.1921875 0.44296875 0.20859375 0.4625 0.2109375 0.44609375
0 0.0640625 0.31640625 0.06796875 0.3265625 0.0765625 0.32265625 0.071875 0.30859375 0.0640625 0.31640625
0 0.08125 0.24296875 0.08671875 0.2625 0.09375 0.24609375 0.090625 0.23828125 0.08125 0.24296875
0 0.0265625 0.19765625 0.02734375 0.215625 0.0453125 0.21171875 0.0421875 0.19453125 0.0265625 0.19765625
0 0.0703125 0.10234375 0.07578125 0.1125 0.084375 0.10546875 0.078125 0.09296875 0.0703125 0.10234375
0 0.175 0.07265625 0.159375 0.07734375 0.1578125 0.09453125 0.16328125 0.1 0.18125 0.09921875 0.175 0.07265625
0 0.15 0.18359375 0.153125 0.17421875 0.15 0.10546875 0.14453125 0.1046875 0.1328125 0.12109375 0.134375 0.18046875 0.14140625 0.1859375 0.15 0.18359375
0 0.0640625 0.76015625 0.046875 0.76328125 0.046875 0.78515625 0.05703125 0.79375 0.071875 0.77890625 0.0640625 0.76015625
0 0.103125 0.78046875 0.11640625 0.7875 0.11875 0.77734375 0.1125 0.76640625 0.103125 0.78046875
0 0.1390625 0.75859375 0.1265625 0.77421875 0.125 0.78671875 0.13046875 0.7921875 0.14375 0.77265625 0.1390625 0.75859375
0 0.646875 0.29296875 0.66015625 0.2953125 0.6640625 0.28984375 0.65625 0.25078125 0.6640625 0.21171875 0.65 0.19921875 0.62421875 0.20625 0.6234375 0.22421875 0.63125 0.26171875 0.646875 0.28359375 0.646875 0.29296875