0 0.79140625 0 0.7828125 0.00703125 0.8015625 0.05234375 0.8109375 0.03671875 0.81640625 0 0.79140625 0
0 0.7546875 0.19140625 0.775 0.18671875 0.7828125 0.17421875 0.77890625 0.1640625 0.7484375 0.17578125 0.7546875 0.19140625
0 0.5640625 0.20859375 0.5640625 0.22578125 0.575 0.23828125 0.5875 0.23203125 0.5921875 0.21484375 0.58203125 0.2046875 0.57109375 0.203125 0.5640625 0.20859375
0 0.5578125 0.19453125 0.54296875 0.1890625 0.5390625 0.19921875 0.55 0.21640625 0.5578125 0.19453125
0 0.49609375 0.1140625 0.4859375 0.13828125 0.4984375 0.13671875 0.49609375 0.1140625
0 0.45625 0.16640625 0.45390625 0.14375 0.4421875 0.14921875 0.4453125 0.17265625 0.45625 0.16640625
0 0.4546875 0.18984375 0.44296875 0.1765625 0.4359375 0.19296875 0.453125 0.19765625 0.4546875 0.18984375
0 0.34375 0.16328125 0.3453125 0.18046875 0.365625 0.19921875 0.3765625 0.19765625 0.3796875 0.16953125 0.37265625 0.159375 0.35078125 0.153125 0.34375 0.16328125
0 0.253125 0.23984375 0.24921875 0.228125 0.240625 0.23203125 0.2453125 0.24609375 0.253125 0.23984375
0 0.2078125 0.23203125 0.20390625 0.21875 0.1953125 0.22265625 0.1984375 0.24140625 0.2078125 0.23203125
0 0.190625 0.24921875 0.18671875 0.2234375 0.1765625 0.23984375 0.1828125 0.25390625 0.190625 0.24921875
0 0.50078125 0.4890625 0.49375 0.49921875 0.4921875 0.51796875 0.4984375 0.52734375 0.51484375 0.525 0.5296875 0.51171875 0.5296875 0.50546875 0.50859375 0.4890625 0.50078125 0.4890625
0 0.4453125 0.67578125 0.4703125 0.66328125 0.4671875 0.63671875 0.4546875 0.61015625 0.44609375 0.60625 0.4453125 0.67578125
0 0.4796875 0.44453125 0.46640625 0.4203125 0.4609375 0.42109375 0.4625 0.44921875 0.4796875 0.44453125
0 0.35625 0.49453125 0.35546875 0.4875 0.334375 0.49140625 0.3421875 0.50390625 0.35625 0.49453125
0 0.3953125 0.49453125 0.3984375 0.49921875 0.40234375 0.4859375 0.3953125 0.49453125
0 0.2296875 0.74921875 0.2375 0.76015625 0.275 0.75703125 0.2734375 0.70390625 0.25078125 0.690625 0.23125 0.70703125 0.2296875 0.74921875
0 0.115625 0.73671875 0.115625 0.76640625 0.121875 0.77734375 0.13203125 0.778125 0.146875 0.75859375 0.146875 0.73828125 0.13828125 0.721875 0.115625 0.73671875
0 0 0.60234375 0.0078125 0.60703125 0.0171875 0.60390625 0.0203125 0.58671875 0.0140625 0.56015625 0.00078125 0.5515625 0 0.60234375
0 0.575 0.57890625 0.5734375 0.60078125 0.5875 0.61640625 0.60625 0.58828125 0.6078125 0.57734375 0.60234375 0.5734375 0.58359375 0.571875 0.575 0.57890625
0 0.6953125 0.68984375 0.703125 0.68828125 0.7140625 0.66796875 0.69296875 0.6484375 0.6875 0.67265625 0.6953125 0.68984375
0 0.6296875 0.72578125 0.62421875 0.7109375 0.61875 0.71484375 0.621875 0.73359375 0.6296875 0.72578125
0 0.5109375 0.73046875 0.50859375 0.715625 0.496875 0.71953125 0.503125 0.73359375 0.5109375 0.73046875
0 0.4046875 0.83359375 0.4140625 0.82734375 0.41875 0.80390625 0.40234375 0.7890625 0.3921875 0.82578125 0.4046875 0.83359375
0 0.44375 0.92734375 0.4734375 0.92734375 0.471875 0.90390625 0.46171875 0.89375 0.4453125 0.89765625 0.44375 0.92734375
0 0.4734375 0.94921875 0.475 0.96796875 0.48125 0.96953125 0.50625 0.96796875 0.50625 0.92890625 0.49140625 0.9125 0.4828125 0.91953125 0.4734375 0.94921875
0 0.54453125 1 0.54375 0.98828125 0.52265625 0.9875 0.5203125 0.99921875 0.54453125 1
0 0.6984375 0.99921875 0.7296875 0.99765625 0.7296875 0.96796875 0.71640625 0.9515625 0.6921875 0.99296875 0.6984375 0.99921875
0 0.7828125 0.86640625 0.76796875 0.8484375 0.7609375 0.86953125 0.7703125 0.88046875 0.7828125 0.86640625
0 0.775 0.91953125 0.77421875 0.9046875 0.759375 0.90234375 0.7625 0.92109375 0.775 0.91953125
0 0.934375 0.99921875 0.9546875 0.99921875 0.9546875 0.98203125 0.94453125 0.96875 0.93125 0.97109375 0.934375 0.99921875
0 0.8859375 0.75390625 0.9015625 0.74765625 0.9015625 0.73984375 0.88984375 0.728125 0.8828125 0.73984375 0.8859375 0.75390625
0 0.925 0.67578125 0.9359375 0.67265625 0.92890625 0.64375 0.91875 0.65078125 0.9125 0.66796875 0.925 0.67578125
0 0.9546875 0.56015625 0.95078125 0.5375 0.934375 0.54140625 0.94375 0.58046875 0.9546875 0.56015625
0 0.5703125 0.80546875 0.55390625 0.7890625 0.5484375 0.79609375 0.5484375 0.82109375 0.5703125 0.80546875
0 0.190625 0.91953125 0.19375 0.93359375 0.203125 0.92890625 0.20625 0.91640625 0.20625 0.90703125 0.19921875 0.9015625 0.190625 0.91953125
0 0.225 0.99296875 0.23046875 0.99375 0.2359375 0.98359375 0.23203125 0.959375 0.221875 0.96640625 0.225 0.99296875
0 0.1984375 0.98984375 0.19765625 0.975 0.1875 0.97734375 0.1890625 0.99296875 0.1984375 0.98984375
0 0.1734375 0.60859375 0.17421875 0.596875 0.1609375 0.60078125 0.1625 0.61171875 0.1734375 0.60859375
0 0.1265625 0.55078125 0.12421875 0.5375 0.1171875 0.54296875 0.1203125 0.55390625 0.1265625 0.55078125
0 0.0828125 0.46015625 0.0828125 0.44609375 0.07421875 0.4390625 0.0765625 0.46171875 0.0828125 0.46015625
0 0.83828125 0.9015625 0.840625 0.89140625 0.83203125 0.890625 0.8296875 0.90078125 0.83828125 0.9015625
0 0.8453125 0.94609375 0.84140625 0.9265625 0.8328125 0.93046875 0.8359375 0.94921875 0.8453125 0.94609375
0 0.8296875 0.76796875 0.82265625 0.746875 0.8171875 0.75234375 0.81875 0.76953125 0.8296875 0.76796875
0 0.36171875 0.584375 0.3578125 0.59453125 0.3703125 0.58984375 0.36171875 0.584375
0 0.365625 0.65078125 0.36328125 0.640625 0.353125 0.64609375 0.359375 0.65390625 0.365625 0.65078125
0 0.6796875 0.02421875 0.6875 0.03203125 0.69921875 0.0328125 0.7109375 0.02265625 0.7109375 0.01484375 0.68203125 0.01875 0.6796875 0.02421875
0 0.440625 0.39921875 0.44921875 0.3984375 0.459375 0.38671875 0.4546875 0.35390625 0.44296875 0.3375 0.440625 0.39921875
0 0.309375 0.55234375 0.30078125 0.5203125 0.29375 0.53515625 0.3 0.56171875 0.309375 0.55234375