0 0.96640625 0.496875 1 0.49453125 0.99921875 0.45 0.74609375 0.4578125 0.63828125 0.4546875 0.61640625 0.4578125 0.60859375 0.471875 0.61328125 0.4859375 0.65703125 0.490625 0.89921875 0.49375 0.92109375 0.4890625 0.96640625 0.496875
0 0.57734375 0.546875 0.5984375 0.53046875 0.6109375 0.49921875 0.60234375 0.4890625 0.58828125 0.4859375 0.58359375 0.4734375 0.53203125 0.4578125 0.51484375 0.4625 0.515625 0.47265625 0.53828125 0.5 0.5609375 0.50703125 0.56484375 0.5453125 0.57734375 0.546875
0 0.55703125 0.4109375 0.59921875 0.4484375 0.6203125 0.43046875 0.61484375 0.4109375 0.57734375 0.4015625 0.55703125 0.4109375
0 0.37265625 0.503125 0.42109375 0.5078125 0.53046875 0.5046875 0.55390625 0.5078125 0.559375 0.51484375 0.55625 0.53359375 0.56484375 0.5453125 0.57578125 0.546875 0.6078125 0.51484375 0.6109375 0.47109375 0.61484375 0.484375 0.625 0.48203125 0.625 0.45859375 0.609375 0.44765625 0.61875 0.42734375 0.6171875 0.41484375 0.58515625 0.403125 0.51328125 0.4109375 0.29453125 0.409375 0.26171875 0.415625 0.17421875 0.4109375 0.13671875 0.4171875 0.00078125 0.4171875 0.00078125 0.5078125 0.07734375 0.5109375 0.10703125 0.50625 0.16015625 0.5140625 0.37265625 0.503125
0 0.64296875 0.35625 0.6546875 0.33984375 0.58046875 0.30625 0.54453125 0.325 0.53515625 0.340625 0.5359375 0.35234375 0.55859375 0.3828125 0.57734375 0.3828125 0.62578125 0.353125 0.64296875 0.35625
0 0.6078125 0.23828125 0.609375 0.21484375 0.61875 0.20703125 0.628125 0.17734375 0.6125 0.16171875 0.60625 0.12734375 0.6109375 0.06484375 0.5984375 0.04296875 0.596875 0.00078125 0.58203125 0 0.5859375 0.29296875 0.59140625 0.3 0.60546875 0.3 0.621875 0.26171875 0.6078125 0.23828125
0 0.5796875 0.07421875 0.56953125 0.06875 0.49609375 0.065625 0.10859375 0.0625 0.090625 0.06796875 0.10625 0.08046875 0.0984375 0.09296875 0.1078125 0.09765625 0.10390625 0.1015625 0.07265625 0.1078125 0.00078125 0.1078125 0.09921875 0.1171875 0.14765625 0.109375 0.56953125 0.1078125 0.5796875 0.09765625 0.5796875 0.07421875
0 0.55859375 0.3828125 0.57890625 0.3828125 0.61640625 0.365625 0.62734375 0.3546875 0.64296875 0.3578125 0.6546875 0.34140625 0.64921875 0.334375 0.59453125 0.315625 0.58515625 0.30625 0.53359375 0.328125 0.20078125 0.325 0.00078125 0.334375 0.00078125 0.3578125 0.22734375 0.3625 0.24296875 0.3578125 0.53828125 0.3578125 0.55859375 0.3828125
0 0.621875 0.75390625 0.60234375 0.753125 0.59765625 0.7625 0.5984375 0.99921875 0.61796875 1 0.6265625 0.95234375 0.6171875 0.83828125 0.621875 0.75390625
0 0.59765625 0.9765625 0.30546875 0.978125 0.22734375 0.9890625 0.23515625 0.99375 0.32421875 0.99375 0.35234375 1 0.6015625 0.99609375 0.59765625 0.9765625
0 0.56796875 0.9203125 0.53515625 0.9265625 0.48984375 0.925 0.47265625 0.934375 0.41328125 0.934375 0.38203125 0.9421875 0.37421875 0.95 0.38203125 0.95625 0.59296875 0.9546875 0.5984375 0.94140625 0.59140625 0.9203125 0.56796875 0.9203125