0 0.496875 0.99921875 0.4921875 0.93984375 0.4953125 0.71953125 0.484375 0.60859375 0.46640625 0.609375 0.45625 0.62578125 0.459375 0.74609375 0.45234375 1 0.496875 0.99921875
0 0.490625 0.60234375 0.50078125 0.6109375 0.53046875 0.6 0.5484375 0.57890625 0.546875 0.56328125 0.50390625 0.5578125 0.5015625 0.53828125 0.465625 0.51640625 0.459375 0.51796875 0.459375 0.53359375 0.4734375 0.58203125 0.4875 0.58984375 0.490625 0.60234375
0 0.4515625 0.59921875 0.4171875 0.55390625 0.4046875 0.56640625 0.403125 0.58359375 0.4125 0.61640625 0.43203125 0.6203125 0.4515625 0.59921875
0 0.428125 0.03203125 0.428125 0.05234375 0.4328125 0.05546875 0.4234375 0.05703125 0.4203125 0.07421875 0.4203125 0.11328125 0.4296875 0.12421875 0.4296875 0.13359375 0.4203125 0.13515625 0.415625 0.16640625 0.4171875 0.27109375 0.428125 0.28203125 0.43125 0.29765625 0.41640625 0.2984375 0.4140625 0.31015625 0.415625 0.51015625 0.403125 0.58359375 0.41640625 0.621875 0.44609375 0.615625 0.44765625 0.6109375 0.4546875 0.62578125 0.45234375 1 0.496875 0.99609375 0.490625 0.62734375 0.49921875 0.6109375 0.53046875 0.6 0.5484375 0.57578125 0.54609375 0.5640625 0.53046875 0.5578125 0.51796875 0.5625 0.5046875 0.54609375 0.5078125 0.41484375 0.5015625 0.38671875 0.5078125 0.36015625 0.5140625 0.16328125 0.5078125 0.12265625 0.5140625 0.06796875 0.509375 0.00078125 0.45625 0.00078125 0.45546875 0.0609375 0.4546875 0.00078125 0.43984375 0 0.428125 0.03203125
0 0.3328125 0.62265625 0.3296875 0.64296875 0.33984375 0.6546875 0.35 0.64765625 0.3703125 0.59296875 0.38125 0.58359375 0.3578125 0.54296875 0.33046875 0.54375 0.29921875 0.55625 0.2953125 0.56328125 0.315625 0.60390625 0.3328125 0.62265625
0 0.2953125 0.56328125 0.33125 0.62578125 0.328125 0.64296875 0.33984375 0.6546875 0.3515625 0.64609375 0.36875 0.59765625 0.3796875 0.58515625 0.3625 0.54765625 0.3609375 0.52734375 0.359375 0.24453125 0.365625 0.22734375 0.3625 0.17578125 0.36875 0.15546875 0.359375 0.00078125 0.33125 0.00234375 0.328125 0.05859375 0.325 0.41484375 0.3296875 0.53671875 0.2953125 0.56328125
0 0.3390625 0.80078125 0.3453125 0.68203125 0.340625 0.65703125 0.3265625 0.64453125 0.31875 0.64609375 0.315625 0.65859375 0.3171875 0.99765625 0.34296875 1 0.3390625 0.80078125
0 0.09296875 0.60625 0.10234375 0.6125 0.12890625 0.6078125 0.16171875 0.6125 0.18359375 0.6296875 0.21640625 0.609375 0.25234375 0.6125 0.26328125 0.621875 0.28046875 0.6140625 0.30546875 0.615625 0.309375 0.60859375 0.29609375 0.5875 0.1 0.58046875 0.00078125 0.58125 0 0.59609375 0.04453125 0.6 0.06484375 0.6109375 0.09296875 0.60625
0 0.07578125 0.578125 0.10390625 0.578125 0.109375 0.57109375 0.1125 0.14140625 0.1140625 0.11171875 0.121875 0.10078125 0.1140625 0.06796875 0.1109375 0.00078125 0.0703125 0.00078125 0.065625 0.05078125 0.065625 0.46328125 0.06875 0.56015625 0.07578125 0.578125
0 0.0078125 0.52578125 0 0.57265625 0.00390625 0.5875 0.02109375 0.5828125 0.14296875 0.5828125 0.23984375 0.5890625 0.2453125 0.58359375 0.23203125 0.5390625 0.21640625 0.55625 0.20546875 0.53125 0.19296875 0.5375 0.18046875 0.5296875 0.16796875 0.53125 0.15859375 0.521875 0.1546875 0.54453125 0.14609375 0.55625 0.1328125 0.55078125 0.10859375 0.5078125 0.09296875 0.5078125 0.09609375 0.5140625 0.07265625 0.5140625 0.06875 0.50703125 0.04140625 0.521875 0.03046875 0.5390625 0.015625 0.53671875 0.01640625 0.5234375 0.0078125 0.52578125
0 0.85703125 0.5984375 0.7640625 0.59140625 0.7546875 0.59765625 0.75703125 0.628125 1 0.62578125 0.99921875 0.596875 0.85703125 0.5984375
0 0.92734375 0.5921875 0.94921875 0.5921875 0.9546875 0.58671875 0.95625 0.44609375 0.9546875 0.41484375 0.946875 0.40546875 0.9390625 0.41484375 0.9359375 0.46640625 0.921875 0.49140625 0.9203125 0.58984375 0.92734375 0.5921875
0 0.990625 0.25703125 0.9796875 0.34140625 0.978125 0.58828125 0.99609375 0.59375 1 0.36171875 0.990625 0.25703125