0 0.2375 0.22734375 0.2375 0.24453125 0.26015625 0.271875 0.27890625 0.271875 0.2828125 0.28515625 0.3 0.29765625 0.3046875 0.33671875 0.315625 0.35234375 0.3078125 0.36015625 0.3078125 0.37578125 0.2953125 0.40078125 0.2984375 0.41953125 0.30703125 0.4265625 0.34375 0.43046875 0.35234375 0.490625 0.39765625 0.4875 0.41953125 0.45625 0.42578125 0.4703125 0.4328125 0.46953125 0.4296875 0.47734375 0.4375 0.48203125 0.43515625 0.4875 0.44921875 0.49375 0.47890625 0.490625 0.509375 0.52265625 0.4984375 0.53984375 0.5046875 0.56328125 0.484375 0.58671875 0.4828125 0.60703125 0.4578125 0.61796875 0.4546875 0.63828125 0.4625 0.64296875 0.4578125 0.65078125 0.51015625 0.6578125 0.5125 0.67109375 0.5078125 0.67578125 0.52109375 0.6796875 0.57265625 0.678125 0.59140625 0.6703125 0.64609375 0.6734375 0.6390625 0.63515625 0.61796875 0.6234375 0.615625 0.61484375 0.61953125 0.60625 0.64453125 0.6 0.65 0.58828125 0.6375 0.57890625 0.63828125 0.571875 0.621875 0.56796875 0.6203125 0.53671875 0.6265625 0.51796875 0.63359375 0.5078125 0.65546875 0.503125 0.6640625 0.49296875 0.6640625 0.47734375 0.6546875 0.46640625 0.6546875 0.44921875 0.646875 0.43828125 0.6546875 0.43046875 0.65625 0.41484375 0.6328125 0.38359375 0.64375 0.37109375 0.6484375 0.33046875 0.6484375 0.30546875 0.6359375 0.27109375 0.6484375 0.25234375 0.6484375 0.21484375 0.659375 0.20078125 0.6703125 0.16015625 0.6875 0.12890625 0.6921875 0.10078125 0.6828125 0.07890625 0.67734375 0.08125 0.65859375 0.0703125 0.64453125 0.05625 0.62578125 0.05625 0.60546875 0.065625 0.54140625 0.0375 0.48046875 0.053125 0.45546875 0.028125 0.42265625 0.015625 0.40546875 0.015625 0.33828125 0.059375 0.31796875 0.0859375 0.24765625 0.109375 0.2125 0.04140625 0.2078125 0.00078125 0.17265625 0 0.17109375 0.00625 0.175 0.18359375 0.20078125 0.2015625 0.25234375 0.209375 0.2546875 0.21484375 0.2375 0.22734375
0 0.1671875 0.00078125 0.11484375 0 0.10078125 0.0078125 0.07578125 0.0078125 0.00078125 0.034375 0 0.30078125 0.16328125 0.3015625 0.16875 0.20390625 0.1640625 0.12890625 0.1671875 0.00078125
0 0.73671875 0.20625 0.76640625 0.203125 0.775 0.19609375 0.775 0.18515625 0.7640625 0.17578125 0.775 0.16015625 0.75 0.13984375 0.7421875 0.11328125 0.73515625 0.1078125 0.70078125 0.1140625 0.67421875 0.159375 0.67578125 0.1671875 0.70234375 0.1734375 0.7125 0.19609375 0.72109375 0.2015625 0.73671875 0.20625
0 0.746875 0.07578125 0.7390625 0.06796875 0.74140625 0.053125 0.69921875 0.0546875 0.68046875 0.0703125 0.6828125 0.08046875 0.70390625 0.1015625 0.72421875 0.103125 0.74375 0.09453125 0.746875 0.07578125
0 0.75390625 0.2328125 0.71171875 0.2453125 0.72265625 0.2625 0.75859375 0.2671875 0.7703125 0.25703125 0.76875 0.24765625 0.75390625 0.2328125
0 0.73046875 0.2046875 0.71953125 0.20625 0.70859375 0.2171875 0.71328125 0.2328125 0.74140625 0.2328125 0.7546875 0.22421875 0.75078125 0.2125 0.73046875 0.2046875
0 0.73359375 0.271875 0.71015625 0.284375 0.7109375 0.29921875 0.72578125 0.3109375 0.7546875 0.28828125 0.75625 0.27421875 0.73359375 0.271875
0 0.9921875 0.50546875 0.99609375 0.5359375 1 0.29296875 0.96015625 0.3 0.93828125 0.284375 0.91171875 0.2890625 0.9109375 0.29453125 0.9265625 0.30546875 0.91328125 0.3203125 0.89375 0.32890625 0.8984375 0.34453125 0.89375 0.35546875 0.91328125 0.3625 0.92890625 0.359375 0.9296875 0.37265625 0.87578125 0.3796875 0.87265625 0.3953125 0.9046875 0.42265625 0.9125 0.44296875 0.9421875 0.47109375 0.94921875 0.4859375 0.9921875 0.50546875
0 0.44140625 1 0.434375 0.97578125 0.45078125 0.971875 0.4640625 0.94765625 0.484375 0.92890625 0.44140625 0.9203125 0.41328125 0.90625 0.36015625 0.9140625 0.34609375 0.9046875 0.33046875 0.9046875 0.27578125 0.9234375 0.24921875 0.9453125 0.20078125 0.9375 0.13203125 0.9609375 0.11953125 0.975 0.10078125 0.9796875 0.0890625 0.95703125 0.059375 0.93671875 0.05703125 0.9171875 0.00078125 0.9125 0.00078125 1 0.44140625 1
0 0.63828125 0.978125 0.6328125 0.98046875 0.63671875 0.984375 0.62421875 0.984375 0.62265625 0.978125 0.61484375 0.9828125 0.60703125 0.9765625 0.57890625 0.9765625 0.5828125 0.96484375 0.5765625 0.95859375 0.57578125 0.940625 0.56875 0.94609375 0.5703125 0.97578125 0.55546875 0.9765625 0.55859375 0.96875 0.5671875 0.97109375 0.5625 0.95859375 0.5546875 0.95546875 0.5578125 0.94765625 0.55 0.94453125 0.559375 0.94140625 0.55859375 0.9296875 0.56953125 0.928125 0.57265625 0.940625 0.584375 0.93359375 0.584375 0.96796875 0.60234375 0.9734375 0.609375 0.95703125 0.61796875 0.9546875 0.6265625 0.94140625 0.61875 0.93671875 0.61953125 0.928125 0.59453125 0.94375 0.59140625 0.9265625 0.578125 0.92890625 0.584375 0.91640625 0.58125 0.90859375 0.5953125 0.90390625 0.5859375 0.89453125 0.59140625 0.88125 0.56015625 0.8796875 0.53984375 0.8671875 0.5109375 0.88671875 0.50546875 0.9078125 0.47109375 0.91875 0.44609375 0.9203125 0.41015625 0.9046875 0.36015625 0.9046875 0.35234375 0.909375 0.35078125 0.903125 0.33046875 0.903125 0.28671875 0.9171875 0.24765625 0.9421875 0.21171875 0.9359375 0.19296875 0.9390625 0.12421875 0.9625 0.11640625 0.971875 0.09921875 0.96875 0.08984375 0.9546875 0.06171875 0.9375 0.0640625 0.92421875 0.05703125 0.9171875 0.00078125 0.9125 0.00078125 1 0.696875 0.99921875 0.68515625 0.9890625 0.64140625 0.984375 0.63828125 0.978125
0 0.7015625 0.71640625 0.68984375 0.7046875 0.68046875 0.7046875 0.66953125 0.721875 0.66171875 0.7234375 0.6734375 0.72890625 0.68046875 0.7421875 0.69765625 0.740625 0.703125 0.73359375 0.7015625 0.71640625
0 0.75234375 0.66875 0.67109375 0.6703125 0.66015625 0.6765625 0.69140625 0.690625 0.74140625 0.696875 0.75390625 0.69375 0.7625 0.68203125 0.75234375 0.66875
0 0.7640625 0.62578125 0.75703125 0.615625 0.70234375 0.621875 0.703125 0.63828125 0.71640625 0.65 0.74140625 0.6578125 0.7578125 0.65234375 0.7640625 0.62578125