0 0.6546875 0.66171875 0.6703125 0.63828125 0.65625 0.60234375 0.6796875 0.54765625 0.6796875 0.52578125 0.6703125 0.49609375 0.65859375 0.4875 0.58984375 0.4890625 0.58359375 0.4953125 0.53515625 0.4875 0.38671875 0.4875 0.36328125 0.4921875 0.34453125 0.4875 0.0484375 0.48828125 0.040625 0.49140625 0.0375 0.51171875 0.0421875 0.59296875 0.0375 0.67421875 0.04453125 0.6796875 0.29453125 0.678125 0.30859375 0.66875 0.31328125 0.675 0.33515625 0.678125 0.51015625 0.6796875 0.53359375 0.678125 0.53671875 0.671875 0.53984375 0.678125 0.62734375 0.68125 0.65859375 0.675 0.6546875 0.66171875
0 0.3296875 0.47109375 0.3296875 0.46171875 0.32421875 0.4546875 0.31328125 0.4625 0.3140625 0.44921875 0.32109375 0.44375 0.33515625 0.446875 0.3453125 0.42734375 0.36328125 0.415625 0.39453125 0.4171875 0.41484375 0.4296875 0.45078125 0.4078125 0.47421875 0.409375 0.484375 0.40234375 0.490625 0.38984375 0.490625 0.35234375 0.42890625 0.34375 0.4265625 0.30859375 0.41796875 0.296875 0.40078125 0.2953125 0.37265625 0.309375 0.35703125 0.309375 0.34921875 0.31875 0.33828125 0.3046875 0.30078125 0.303125 0.28515625 0.2828125 0.27421875 0.2921875 0.271875 0.25859375 0.24609375 0.2375 0.22578125 0.2390625 0.21484375 0.2546875 0.2078125 0.25390625 0.203125 0.20390625 0.18359375 0.175 0.1109375 0.16953125 0 0.17109375 0.00078125 0.2078125 0.03515625 0.209375 0.08046875 0.2296875 0.08359375 0.2375 0.1109375 0.24453125 0.109375 0.25859375 0.0953125 0.27734375 0.0859375 0.31796875 0.059375 0.33828125 0.015625 0.40546875 0.021875 0.44140625 0.03828125 0.4703125 0.08828125 0.484375 0.31484375 0.484375 0.3296875 0.47109375
0 0.3015625 0.16328125 0.30078125 0 0.034375 0.00078125 0.0078125 0.07578125 0.0078125 0.10078125 0 0.11484375 0.00078125 0.1671875 0.12890625 0.1640625 0.19609375 0.16875 0.3015625 0.16328125
0 0.965625 0.20078125 0.9453125 0.14453125 0.9390625 0.10859375 0.96796875 0.0609375 0.97890625 0.0671875 0.9875 0.06171875 0.990625 0.00078125 0.903125 0.00078125 0.9015625 0.43203125 0.90703125 0.44375 0.92265625 0.4359375 0.93046875 0.453125 0.95703125 0.4671875 0.96875 0.48359375 0.9765625 0.51484375 0.98984375 0.51875 0.9953125 0.50859375 0.98125 0.47421875 0.9796875 0.45234375 0.996875 0.41171875 0.9984375 0.33046875 0.9796875 0.27421875 0.9578125 0.24921875 0.965625 0.20078125
0 0.9140625 0.54140625 0.9015625 0.51171875 0.8890625 0.50703125 0.865625 0.53828125 0.88125 0.56484375 0.89296875 0.5703125 0.9140625 0.54140625
0 0.996875 0.51796875 0.9875 0.54609375 0.996875 0.56015625 0.996875 0.59140625 0.9859375 0.63359375 0.9859375 0.66640625 0.9890625 0.68515625 0.99921875 0.696875 0.996875 0.51796875
0 0.3578125 0.89921875 0.28125 0.90390625 0.2765625 0.94453125 0.28046875 0.9984375 0.47578125 1 0.496875 0.99453125 0.5 0.92734375 0.48984375 0.9015625 0.3578125 0.89921875
0 0.13203125 0.684375 0.115625 0.69765625 0.10625 0.72578125 0.109375 0.73828125 0.14453125 0.753125 0.15625 0.76328125 0.16015625 0.7765625 0.17578125 0.7640625 0.18828125 0.7765625 0.19921875 0.7734375 0.20625 0.73671875 0.1984375 0.71484375 0.17265625 0.703125 0.16328125 0.6828125 0.14375 0.68359375 0.13203125 0.684375
0 0.2671875 0.75859375 0.2625 0.72109375 0.2453125 0.70859375 0.2328125 0.75390625 0.24765625 0.76875 0.25703125 0.7703125 0.2671875 0.75859375
0 0.2328125 0.73828125 0.2328125 0.71328125 0.228125 0.71171875 0.20625 0.72109375 0.2078125 0.73984375 0.21796875 0.7546875 0.2328125 0.73828125
0 0.32109375 0.7375 0.32421875 0.7203125 0.3296875 0.72734375 0.3296875 0.71171875 0.33984375 0.7015625 0.34453125 0.7109375 0.346875 0.70546875 0.3453125 0.68671875 0.33984375 0.696875 0.33671875 0.684375 0.32421875 0.6890625 0.30078125 0.6875 0.29296875 0.68125 0.06875 0.68203125 0.053125 0.69921875 0.053125 0.74921875 0.06953125 0.765625 0.08046875 0.7671875 0.09765625 0.7640625 0.11015625 0.7421875 0.13828125 0.7515625 0.15859375 0.7734375 0.19609375 0.775 0.21171875 0.7578125 0.23203125 0.7578125 0.25390625 0.7703125 0.26796875 0.7609375 0.28515625 0.759375 0.30703125 0.7375 0.32109375 0.7375
0 0.115625 0.95546875 0.1140625 0.99765625 0.14453125 1 0.1328125 0.96015625 0.115625 0.95546875
0 0.63203125 0.7640625 0.63984375 0.7578125 0.65078125 0.759375 0.6578125 0.74921875 0.65 0.71328125 0.653125 0.68671875 0.621875 0.68359375 0.6078125 0.68828125 0.61875 0.70859375 0.6140625 0.75546875 0.62265625 0.7640625 0.63203125 0.7640625
0 0.66875 0.73515625 0.66875 0.75078125 0.67734375 0.7625 0.696875 0.74765625 0.6890625 0.68671875 0.68125 0.68046875 0.671875 0.69140625 0.66875 0.73515625
0 0.7234375 0.66796875 0.70625 0.67890625 0.7046875 0.68828125 0.71328125 0.7 0.73203125 0.703125 0.740625 0.69765625 0.7421875 0.68359375 0.73828125 0.675 0.7234375 0.66796875