0 0.92578125 0.4984375 0.90390625 0.50625 0.89921875 0.596875 0.9015625 0.71640625 0.91796875 0.721875 0.99765625 0.721875 0.996875 0.50390625 0.92578125 0.4984375
0 0.759375 0.84765625 0.765625 0.81796875 0.775 0.81171875 0.771875 0.80078125 0.76484375 0.7953125 0.74453125 0.7984375 0.73671875 0.7921875 0.71953125 0.796875 0.7109375 0.80390625 0.6984375 0.83515625 0.68046875 0.8375 0.68125 0.84921875 0.6984375 0.85703125 0.69921875 0.8828125 0.73515625 0.890625 0.759375 0.84765625
0 0.7390625 0.93203125 0.7484375 0.92109375 0.74140625 0.9 0.70859375 0.89375 0.67890625 0.921875 0.678125 0.92890625 0.68828125 0.9390625 0.71484375 0.946875 0.74296875 0.9453125 0.7390625 0.93203125
0 0.50625 0.43359375 0.5 0.45703125 0.5109375 0.47421875 0.4921875 0.49140625 0.490625 0.56328125 0.5 0.60078125 0.509375 0.61171875 0.5046875 0.61953125 0.515625 0.63046875 0.50625 0.63359375 0.5125 0.64453125 0.5 0.65390625 0.50546875 0.659375 0.51328125 0.653125 0.521875 0.66171875 0.50546875 0.6640625 0.496875 0.67265625 0.4921875 0.69453125 0.4984375 0.75703125 0.490625 0.77578125 0.490625 0.79921875 0.5015625 0.84140625 0.490625 0.91328125 0.4921875 0.93828125 0.50078125 0.9515625 0.53203125 0.9609375 0.60390625 0.9328125 0.63984375 0.94375 0.690625 0.89921875 0.684375 0.85859375 0.66875 0.83515625 0.6640625 0.80703125 0.6484375 0.78203125 0.6453125 0.75859375 0.65 0.74765625 0.6375 0.72890625 0.65 0.67421875 0.6453125 0.62734375 0.634375 0.61328125 0.6578125 0.58359375 0.6484375 0.55859375 0.6671875 0.50546875 0.65859375 0.49375 0.63515625 0.490625 0.628125 0.48046875 0.6203125 0.46015625 0.6203125 0.43671875 0.62265625 0.43125 0.65 0.42265625 0.6515625 0.39765625 0.62109375 0.3921875 0.6171875 0.37890625 0.6421875 0.36328125 0.6421875 0.33984375 0.65 0.33359375 0.65 0.32421875 0.59296875 0.328125 0.57734375 0.321875 0.52578125 0.31875 0.5140625 0.32421875 0.51015625 0.340625 0.46953125 0.35 0.46796875 0.359375 0.4703125 0.38203125 0.48203125 0.384375 0.4921875 0.39609375 0.4875 0.41640625 0.50625 0.43359375
0 0.75546875 0.73125 0.72109375 0.7359375 0.71171875 0.75 0.73203125 0.7625 0.75390625 0.765625 0.7671875 0.75234375 0.76875 0.73984375 0.75546875 0.73125
0 0.71171875 0.7671875 0.72109375 0.7921875 0.7546875 0.78046875 0.75078125 0.771875 0.73515625 0.765625 0.71171875 0.7671875
0 0.72578125 0.6875 0.70703125 0.7078125 0.71171875 0.7171875 0.73359375 0.7265625 0.75625 0.72421875 0.753125 0.70859375 0.72578125 0.6875
0 0.4796875 0.59921875 0.48359375 0.59375 0.4859375 0.60078125 0.4875 0.56796875 0.4859375 0.53515625 0.48046875 0.5390625 0.4734375 0.53359375 0.46953125 0.51875 0.43203125 0.4984375 0.40546875 0.4953125 0.32890625 0.546875 0.31953125 0.565625 0.26953125 0.578125 0.25 0.59609375 0.24765625 0.775 0.24921875 0.984375 0.46953125 0.984375 0.4890625 0.97578125 0.490625 0.67734375 0.4796875 0.59921875
0 0 0.99921875 0.20546875 1 0.2140625 0.98515625 0.2125 0.96484375 0.2203125 0.93984375 0.2453125 0.89921875 0.24375 0.78984375 0.22578125 0.7859375 0.19453125 0.7953125 0.16875 0.81484375 0.16953125 0.8421875 0.14921875 0.8390625 0.12265625 0.8234375 0.1125 0.80703125 0.1265625 0.78203125 0.1453125 0.76953125 0.14375 0.73046875 0.1640625 0.70859375 0.15703125 0.6984375 0.13671875 0.6921875 0.10078125 0.70625 0.07421875 0.70625 0.03828125 0.7171875 0.00078125 0.7390625 0 0.75546875 0.01171875 0.76875 0.0390625 0.78046875 0.0359375 0.78359375 0.0421875 0.78828125 0.0359375 0.79140625 0.04375 0.79921875 0.01796875 0.8296875 0.00625 0.83046875 0.0109375 0.83515625 0.003125 0.83828125 0.0109375 0.84296875 0 0.84609375 0 0.99921875
0 0.04296875 0 0.03828125 0.021875 0.0375 0.00078125 0.03046875 0 0.028125 0.02578125 0.02265625 0.0296875 0.0171875 0.02265625 0.00859375 0.0453125 0.00078125 0.0296875 0.00078125 0.0859375 0.05234375 0.0828125 0.059375 0.07578125 0.0546875 0.06328125 0.084375 0.04453125 0.09375 0.01953125 0.10078125 0.015625 0.11796875 0.01875 0.12890625 0.0359375 0.15859375 0.0421875 0.19140625 0.0578125 0.21953125 0.0609375 0.25078125 0.053125 0.27890625 0.0765625 0.33046875 0.09375 0.34765625 0.0921875 0.36328125 0.0765625 0.3734375 0.07734375 0.36796875 0.0875 0.41640625 0.090625 0.43359375 0.0796875 0.4765625 0.06953125 0.4515625 0.03046875 0.434375 0.02265625 0.43984375 0 0.04296875 0
0 0.51015625 0.025 0.5109375 0.01796875 0.51640625 0.0203125 0.52109375 0.0125 0.52890625 0.009375 0.53984375 0.0171875 0.56328125 0.003125 0.66953125 0.0109375 0.69375 0.00078125 0.50078125 0 0.49765625 0.0140625 0.49453125 0.00625 0.48515625 0.0046875 0.47890625 0.0140625 0.48984375 0.0171875 0.48984375 0.0234375 0.49765625 0.015625 0.50078125 0.0234375 0.51015625 0.025
0 0.08828125 0 0.0953125 0.00234375 0.0875 0.00703125 0.08984375 0.0125 0.10078125 0.009375 0.11796875 0.0171875 0.13671875 0.0359375 0.18984375 0.0578125 0.21640625 0.0609375 0.24609375 0.0546875 0.28359375 0.0796875 0.33046875 0.0953125 0.34765625 0.0953125 0.35390625 0.0890625 0.41171875 0.0921875 0.44765625 0.0765625 0.46796875 0.0765625 0.50703125 0.090625 0.509375 0.10703125 0.53359375 0.13125 0.5703125 0.11015625 0.56875 0.10078125 0.54765625 0.08125 0.53515625 0.0828125 0.53359375 0.0765625 0.52578125 0.090625 0.5203125 0.07421875 0.50546875 0.0609375 0.47734375 0.059375 0.4578125 0.02734375 0.47734375 0.0234375 0.478125 0.01640625 0.47578125 0.021875 0.44921875 0.021875 0.44921875 0.0171875 0.4609375 0.01484375 0.44296875 0.0125 0.44453125 0 0.08828125 0
0 0.69765625 0.2578125 0.67890625 0.2578125 0.67265625 0.271875 0.6734375 0.28671875 0.68828125 0.29375 0.7 0.28515625 0.703125 0.26640625 0.69765625 0.2578125
0 0.7625 0.31640625 0.75546875 0.30625 0.74140625 0.3015625 0.71640625 0.309375 0.69453125 0.3078125 0.66015625 0.3203125 0.67265625 0.328125 0.72421875 0.325 0.75078125 0.3296875 0.7625 0.32265625 0.7625 0.31640625
0 0.7578125 0.34765625 0.74921875 0.340625 0.73046875 0.3421875 0.70390625 0.3625 0.703125 0.37109375 0.71640625 0.378125 0.75234375 0.384375 0.7625 0.37578125 0.7578125 0.34765625