0 0.6484375 0.54296875 0.6703125 0.53828125 0.6609375 0.52578125 0.66171875 0.515625 0.66640625 0.5265625 0.678125 0.52421875 0.67734375 0.4828125 0.675 0.50546875 0.66875 0.50234375 0.67109375 0.496875 0.66640625 0.4984375 0.66171875 0.5140625 0.65859375 0.4953125 0.6578125 0.52265625 0.65234375 0.525 0.6484375 0.51796875 0.6515625 0.49609375 0.671875 0.49140625 0.6640625 0.47890625 0.678125 0.45234375 0.68125 0.37265625 0.67421875 0.34375 0.66171875 0.346875 0.64140625 0.334375 0.61953125 0.334375 0.60546875 0.3453125 0.54765625 0.3203125 0.52578125 0.3203125 0.49609375 0.3296875 0.4875 0.34140625 0.4890625 0.41015625 0.4953125 0.41640625 0.4875 0.46484375 0.4875 0.61171875 0.4890625 0.63359375 0.4984375 0.63671875 0.4890625 0.64140625 0.48828125 0.9484375 0.49296875 0.959375 0.51796875 0.9625 0.59609375 0.95625 0.678125 0.96015625 0.678125 0.70859375 0.6625 0.69140625 0.659375 0.67890625 0.65390625 0.6828125 0.646875 0.67578125 0.653125 0.67109375 0.65078125 0.665625 0.659375 0.66484375 0.65 0.65703125 0.646875 0.64296875 0.653125 0.60234375 0.6484375 0.54296875
0 0.46953125 0.6703125 0.46171875 0.6703125 0.4546875 0.67578125 0.4640625 0.68359375 0.4515625 0.68671875 0.44921875 0.7078125 0.4265625 0.70234375 0.4265625 0.69140625 0.44375 0.68046875 0.4484375 0.66640625 0.42734375 0.6546875 0.415625 0.63671875 0.415625 0.61015625 0.428125 0.58203125 0.4078125 0.55078125 0.409375 0.52578125 0.39609375 0.5125 0.35234375 0.5109375 0.34375 0.57109375 0.30859375 0.5734375 0.296875 0.58203125 0.2953125 0.59921875 0.3078125 0.62109375 0.309375 0.64140625 0.31875 0.65234375 0.3046875 0.66171875 0.303125 0.69921875 0.2890625 0.71015625 0.2921875 0.72734375 0.25859375 0.7296875 0.2375 0.75703125 0.2390625 0.77265625 0.253125 0.78203125 0.25625 0.79140625 0.20546875 0.796875 0.175 0.81640625 0.17109375 1 0.2078125 0.99921875 0.209375 0.96796875 0.228125 0.92578125 0.225 0.91796875 0.2375 0.91796875 0.24453125 0.8890625 0.25546875 0.8890625 0.27734375 0.9046875 0.31796875 0.9140625 0.33828125 0.940625 0.40546875 0.984375 0.44140625 0.978125 0.4703125 0.95859375 0.4828125 0.91953125 0.484375 0.68671875 0.46953125 0.6703125
0 0.1671875 0.99921875 0.1640625 0.87109375 0.16875 0.79609375 0.16328125 0.6984375 0 0.69921875 0.00078125 0.9671875 0.11328125 1 0.1671875 0.99921875
0 0.14453125 0.0546875 0.10859375 0.0609375 0.0609375 0.03203125 0.0671875 0.02109375 0.06171875 0.0125 0.00078125 0.009375 0.00078125 0.096875 0.43203125 0.0984375 0.44375 0.09296875 0.4359375 0.07734375 0.453125 0.06953125 0.46953125 0.040625 0.51484375 0.0234375 0.5203125 0.01171875 0.50859375 0.0046875 0.47421875 0.01875 0.45234375 0.0203125 0.41171875 0.003125 0.33046875 0.0015625 0.27421875 0.0203125 0.25390625 0.040625 0.20078125 0.034375 0.14453125 0.0546875
0 0.32890625 0 0.28671875 0.0109375 0.25234375 0.028125 0.2546875 0.03203125 0.24765625 0.0359375 0.20234375 0.0328125 0.13203125 0.053125 0.08671875 0.0484375 0.08984375 0.0421875 0.06875 0.03515625 0.06484375 0.009375 0.00234375 0.0046875 0.00078125 0.096875 0.42890625 0.0984375 0.4515625 0.08984375 0.4390625 0.07890625 0.4578125 0.07109375 0.45625 0.06171875 0.47734375 0.0359375 0.51640625 0.0265625 0.52109375 0.0140625 0.54921875 0.015625 0.56484375 0.0046875 0.66640625 0.0125 0.68671875 0.009375 0.6953125 0.00078125 0.50703125 0 0.46328125 0.009375 0.45859375 0 0.45546875 0.0078125 0.45078125 0 0.32890625 0
0 0.54453125 0.084375 0.51484375 0.096875 0.50703125 0.1078125 0.53203125 0.134375 0.5703125 0.11171875 0.56875 0.10390625 0.54453125 0.084375
0 0.92734375 0.5 0.9 0.51171875 0.89921875 0.7125 0.91171875 0.721875 0.9984375 0.71953125 0.99609375 0.5 0.92734375 0.5
0 0.92265625 0.48125 0.93984375 0.490625 0.99765625 0.49375 1 0.41953125 0.92421875 0.4203125 0.921875 0.42578125 0.9359375 0.45546875 0.9234375 0.46484375 0.92265625 0.48125
0 0.72265625 0.7953125 0.73671875 0.79375 0.7546875 0.78203125 0.73828125 0.7671875 0.71171875 0.7703125 0.72265625 0.7953125
0 0.69765625 0.884375 0.72578125 0.89375 0.73828125 0.890625 0.7546875 0.85390625 0.7765625 0.83984375 0.7640625 0.82421875 0.7765625 0.81171875 0.7734375 0.80078125 0.73515625 0.79375 0.71484375 0.8015625 0.703125 0.82734375 0.6828125 0.83671875 0.68359375 0.8578125 0.6859375 0.87109375 0.69765625 0.884375
0 0.70703125 0.8953125 0.684375 0.91328125 0.68203125 0.93125 0.69140625 0.9421875 0.71171875 0.9484375 0.74609375 0.946875 0.7609375 0.93671875 0.7671875 0.91796875 0.76015625 0.9015625 0.70703125 0.8953125
0 0.75859375 0.7328125 0.72109375 0.7375 0.70859375 0.7546875 0.75390625 0.7671875 0.76875 0.75234375 0.7703125 0.74296875 0.75859375 0.7328125
0 0.75625 0.72578125 0.7546875 0.71171875 0.72578125 0.6890625 0.70703125 0.7015625 0.68515625 0.703125 0.68203125 0.7125 0.73359375 0.728125 0.75625 0.72578125
0 0.73828125 0.61875 0.7453125 0.60546875 0.73828125 0.5984375 0.72890625 0.6 0.71953125 0.6140625 0.73828125 0.61875
0 0.74921875 0.303125 0.69140625 0.309375 0.68046875 0.31875 0.68671875 0.328125 0.73984375 0.3328125 0.7640625 0.32265625 0.74921875 0.303125
0 0.75390625 0.3859375 0.7625 0.37890625 0.7640625 0.36796875 0.7578125 0.36171875 0.7578125 0.34921875 0.74765625 0.3421875 0.71171875 0.35 0.68515625 0.346875 0.68359375 0.3796875 0.68671875 0.3921875 0.69609375 0.3921875 0.70703125 0.38125 0.75390625 0.3859375
0 0.68828125 0.2953125 0.7 0.28671875 0.703125 0.26796875 0.69765625 0.259375 0.68359375 0.2578125 0.66484375 0.2765625 0.68046875 0.2953125 0.68828125 0.2953125