0 1 0.00078125 0.809375 0.00078125 0.8125 0.29296875 0.8140625 0.31171875 0.8203125 0.31328125 0.8140625 0.33984375 0.828125 0.36328125 0.821875 0.37421875 0.82421875 0.3859375 0.84609375 0.3921875 0.87578125 0.390625 0.8796875 0.37578125 0.89375 0.37109375 0.890625 0.36015625 0.9 0.35078125 0.90234375 0.3234375 0.90859375 0.390625 0.96796875 0.3921875 0.9921875 0.38203125 0.9921875 0.35390625 1 0.34453125 1 0.00078125
0 0.57265625 0.04375 0.5875 0.04296875 0.58984375 0.021875 0.60078125 0.0296875 0.61171875 0.021875 0.6140625 0.08984375 0.63203125 0.128125 0.640625 0.12109375 0.64296875 0.1078125 0.67578125 0.1 0.69453125 0.109375 0.70234375 0.1 0.72734375 0.1 0.73359375 0.0921875 0.75703125 0.084375 0.7625 0.06640625 0.7609375 0.00078125 0.54765625 0 0.553125 0.06015625 0.56015625 0.04375 0.56640625 0.0546875 0.57265625 0.04375
0 0.56953125 0.2078125 0.59921875 0.2078125 0.6171875 0.19140625 0.61875 0.11484375 0.5875 0.08359375 0.56953125 0.0828125 0.5625 0.08828125 0.5484375 0.12890625 0.5546875 0.18515625 0.56953125 0.2078125
0 0.02265625 0.0984375 0.03671875 0.0984375 0.04140625 0.0921875 0.05078125 0.1046875 0.06484375 0.1015625 0.07890625 0.1140625 0.09140625 0.1140625 0.0921875 0.13984375 0.09765625 0.14375 0.31953125 0.1453125 0.3453125 0.12109375 0.3484375 0.00078125 0.00078125 0 0 0.05078125 0.015625 0.06484375 0.0125 0.08515625 0.02265625 0.0984375
0 0.11015625 0.2625 0.14921875 0.2765625 0.15625 0.26796875 0.1578125 0.22265625 0.13125 0.16640625 0.125 0.16953125 0.121875 0.18984375 0.1109375 0.20859375 0.1046875 0.25390625 0.11015625 0.2625
0 0.0109375 0.25546875 0.0375 0.29921875 0.05546875 0.3109375 0.075 0.23984375 0.065625 0.21484375 0.0703125 0.19765625 0.046875 0.18203125 0.03515625 0.18125 0.028125 0.19140625 0.028125 0.22109375 0.0140625 0.23671875 0.0109375 0.25546875
0 0.1921875 0.46484375 0.20859375 0.503125 0.228125 0.48515625 0.2421875 0.45078125 0.2375 0.42109375 0.221875 0.41015625 0.20390625 0.4109375 0.19765625 0.421875 0.1765625 0.41796875 0.178125 0.45390625 0.1921875 0.46484375
0 0.3109375 0.66328125 0.32734375 0.7015625 0.334375 0.70078125 0.33984375 0.6859375 0.353125 0.68203125 0.3625 0.66484375 0.365625 0.61953125 0.34375 0.58828125 0.33359375 0.5875 0.32265625 0.6 0.31484375 0.5984375 0.3078125 0.60546875 0.3109375 0.66328125
0 0.2484375 0.47265625 0.26875 0.50546875 0.2484375 0.53828125 0.25703125 0.559375 0.26796875 0.5578125 0.2875 0.53671875 0.3046875 0.43515625 0.2984375 0.41328125 0.28125 0.39921875 0.3609375 0.19765625 0.3609375 0.15078125 0.3453125 0.14609375 0.3234375 0.15234375 0.3203125 0.19921875 0.24375 0.38984375 0.240625 0.44140625 0.2484375 0.47265625
0 0.34375 0.49453125 0.3625 0.45234375 0.36015625 0.4359375 0.340625 0.43515625 0.325 0.43984375 0.3109375 0.46484375 0.309375 0.50546875 0.31640625 0.5125 0.34375 0.49453125
0 0.48828125 0.4953125 0.4921875 0.48984375 0.5125 0.37890625 0.5296875 0.33203125 0.5265625 0.26953125 0.5078125 0.24296875 0.49375 0.24765625 0.4609375 0.44609375 0.4578125 0.48984375 0.47109375 0.4953125 0.48828125 0.4953125
0 0.4921875 0.25859375 0.4578125 0.48359375 0.46953125 0.49375 0.48671875 0.49375 0.4921875 0.48828125 0.5125 0.37734375 0.528125 0.34140625 0.5265625 0.27734375 0.53046875 0.275 0.54140625 0.2890625 0.55078125 0.2890625 0.55859375 0.275 0.578125 0.26796875 0.5734375 0.21171875 0.54765625 0.2078125 0.53828125 0.196875 0.51875 0.19609375 0.48359375 0.1953125 0.4765625 0.20078125 0.4765625 0.24140625 0.4921875 0.25078125 0.4921875 0.25859375
0 0.70078125 0.4109375 0.68125 0.39453125 0.675 0.36796875 0.6609375 0.35234375 0.6640625 0.21171875 0.63828125 0.2078125 0.6265625 0.21484375 0.6234375 0.41484375 0.6296875 0.50546875 0.625 0.53203125 0.6453125 0.55859375 0.64375 0.60703125 0.65859375 0.615625 0.67578125 0.6 0.68125 0.62578125 0.6921875 0.62890625 0.69921875 0.646875 0.71015625 0.6390625 0.72109375 0.6484375 0.74296875 0.6484375 0.7546875 0.63203125 0.7515625 0.61015625 0.7203125 0.56484375 0.69921875 0.56875 0.6953125 0.56171875 0.69921875 0.540625 0.71796875 0.5421875 0.7265625 0.53515625 0.7328125 0.51171875 0.7296875 0.48515625 0.74375 0.44140625 0.765625 0.41171875 0.7640625 0.36796875 0.75859375 0.3578125 0.7484375 0.35546875 0.7484375 0.21484375 0.7421875 0.20859375 0.709375 0.21171875 0.7109375 0.28046875 0.703125 0.36015625 0.709375 0.38828125 0.70078125 0.4109375
0 0.753125 0.50703125 0.759375 0.54453125 0.78203125 0.5546875 0.7953125 0.52265625 0.8109375 0.51015625 0.8140625 0.48828125 0.803125 0.47734375 0.79375 0.44609375 0.775 0.43984375 0.75234375 0.4390625 0.7484375 0.45859375 0.7640625 0.48359375 0.7640625 0.49453125 0.753125 0.50703125
0 0.940625 0.45234375 0.94375 0.42421875 0.934375 0.40703125 0.92578125 0.4046875 0.90703125 0.425 0.9015625 0.39609375 0.8859375 0.39296875 0.87109375 0.39375 0.8671875 0.39921875 0.86484375 0.5140625 0.90078125 0.5109375 0.940625 0.45234375
0 0.8078125 0.73984375 0.80625 0.76953125 0.828125 0.81484375 0.83984375 0.8265625 0.87109375 0.8359375 0.88828125 0.8234375 0.89765625 0.83125 0.93046875 0.834375 0.9484375 0.80078125 0.95625 0.76015625 0.928125 0.71484375 0.9140625 0.66484375 0.89921875 0.659375 0.88671875 0.66875 0.878125 0.66015625 0.86875 0.61015625 0.83671875 0.6109375 0.7984375 0.62578125 0.7921875 0.65234375 0.7953125 0.70078125 0.8078125 0.73984375
0 0.89453125 1 0.890625 0.96796875 0.859375 0.91484375 0.8578125 0.83828125 0.853125 0.82890625 0.8453125 0.83046875 0.8390625 0.84765625 0.8453125 0.90078125 0.840625 0.93359375 0.8484375 0.94765625 0.8453125 0.96328125 0.87421875 1 0.89453125 1
0 0.915625 0.97578125 0.91484375 1 0.9578125 0.99921875 0.95625 0.91171875 0.9390625 0.86796875 0.9328125 0.87578125 0.934375 0.89609375 0.9265625 0.91015625 0.925 0.95234375 0.915625 0.97578125
0 0.64765625 0.9984375 0.65546875 0.990625 0.65859375 0.996875 0.6671875 0.99453125 0.6625 0.97890625 0.6578125 0.97734375 0.65546875 0.9859375 0.6515625 0.97578125 0.65546875 0.96875 0.6609375 0.97109375 0.65859375 0.9640625 0.6546875 0.96640625 0.6515625 0.94453125 0.65625 0.84453125 0.6515625 0.82109375 0.6546875 0.78359375 0.65 0.77890625 0.55234375 0.778125 0.5484375 0.78359375 0.5484375 0.95390625 0.55390625 0.9984375 0.64765625 0.9984375
0 0.67578125 0.996875 0.68125 0.99453125 0.6734375 0.97578125 0.703125 0.94296875 0.703125 0.89609375 0.7171875 0.87265625 0.715625 0.84140625 0.709375 0.83046875 0.7203125 0.81484375 0.7140625 0.78046875 0.653125 0.78359375 0.6546875 0.89140625 0.6703125 0.95546875 0.66875 0.98828125 0.67578125 0.996875
0 0.65625 0.67265625 0.6421875 0.68203125 0.6375 0.71171875 0.64609375 0.7453125 0.6703125 0.72421875 0.65625 0.67265625
0 0.5265625 0.61484375 0.53828125 0.6359375 0.55 0.63828125 0.55703125 0.6609375 0.56953125 0.65 0.58515625 0.6703125 0.5953125 0.65078125 0.5984375 0.60390625 0.61875 0.59921875 0.6203125 0.57265625 0.58125 0.51640625 0.5625 0.52734375 0.55703125 0.5484375 0.53828125 0.553125 0.5296875 0.56640625 0.5265625 0.61484375
0 0.4984375 0.88046875 0.50703125 0.8828125 0.5171875 0.85078125 0.5046875 0.82265625 0.509375 0.79921875 0.49453125 0.79375 0.4796875 0.77265625 0.4734375 0.77578125 0.4703125 0.81640625 0.4921875 0.83359375 0.4890625 0.85859375 0.4984375 0.88046875
0 0.4984375 0.88203125 0.50703125 0.8828125 0.5171875 0.84609375 0.50625 0.82265625 0.5109375 0.81171875 0.5078125 0.75078125 0.49375 0.73671875 0.48125 0.74140625 0.4703125 0.81640625 0.4921875 0.83515625 0.4890625 0.86015625 0.4984375 0.88203125
0 0.4890625 0.61015625 0.48125 0.58046875 0.4765625 0.51171875 0.4625 0.52890625 0.465625 0.55390625 0.4578125 0.61171875 0.47890625 0.6359375 0.4890625 0.61015625
0 0.56875 0.44921875 0.5734375 0.41953125 0.56875 0.41484375 0.55390625 0.4140625 0.5375 0.42578125 0.54296875 0.459375 0.55703125 0.459375 0.56875 0.44921875
0 0.62734375 0.490625 0.6328125 0.47890625 0.6296875 0.45703125 0.61875 0.44765625 0.609375 0.45390625 0.60625 0.47421875 0.6078125 0.48671875 0.61640625 0.49375 0.62734375 0.490625
0 0.5859375 0.42265625 0.578125 0.42890625 0.578125 0.45078125 0.59765625 0.4828125 0.6015625 0.44453125 0.5859375 0.42265625
0 0.84296875 0.4796875 0.85546875 0.496875 0.8640625 0.45703125 0.8578125 0.40234375 0.8265625 0.41796875 0.8203125 0.44921875 0.8296875 0.48671875 0.83515625 0.4890625 0.84296875 0.4796875
0 0.8640625 0.54140625 0.86953125 0.515625 0.89453125 0.5140625 0.90625 0.50546875 0.940625 0.45390625 0.94375 0.41953125 0.934375 0.40390625 0.92734375 0.4015625 0.90546875 0.4234375 0.9015625 0.39609375 0.8921875 0.39296875 0.87109375 0.39375 0.865625 0.40234375 0.865625 0.47890625 0.85390625 0.5421875 0.8640625 0.54140625
0 0.6828125 0.19765625 0.671875 0.16953125 0.65078125 0.146875 0.640625 0.14453125 0.6328125 0.14609375 0.634375 0.19296875 0.65078125 0.20625 0.68046875 0.2078125 0.6828125 0.19765625
0 0.46640625 0.05 0.45546875 0.05 0.4421875 0.06015625 0.4375 0.11796875 0.45546875 0.1453125 0.48515625 0.1375 0.50078125 0.10625 0.51328125 0.121875 0.5234375 0.12109375 0.51484375 0.115625 0.5265625 0.11796875 0.528125 0.07578125 0.52578125 0.0703125 0.51953125 0.078125 0.515625 0.07421875 0.5171875 0.06328125 0.5234375 0.06015625 0.51875 0.04921875 0.49140625 0.0625 0.48671875 0.0578125 0.47421875 0.0640625 0.4609375 0.05390625 0.46640625 0.05
0 0.40859375 0.0296875 0.41796875 0.04375 0.4375 0.04765625 0.4390625 0.12578125 0.44765625 0.140625 0.46640625 0.1453125 0.4921875 0.13359375 0.49921875 0.1109375 0.50625 0.11328125 0.51171875 0.1296875 0.53046875 0.128125 0.5359375 0.13671875 0.5375 0.11640625 0.5296875 0.11484375 0.5296875 0.10703125 0.53515625 0.1078125 0.5375 0.10078125 0.5296875 0.09921875 0.534375 0.06953125 0.5296875 0.06171875 0.5359375 0.05859375 0.5375 0.02890625 0.54453125 0.021875 0.55625 0.03046875 0.55078125 0.04375 0.578125 0.04921875 0.575 0.05703125 0.584375 0.06328125 0.56484375 0.0625 0.5625 0.07421875 0.590625 0.07734375 0.5859375 0.09609375 0.58984375 0.1046875 0.59765625 0.0984375 0.609375 0.11328125 0.603125 0.11796875 0.60859375 0.1390625 0.6109375 0.11640625 0.61640625 0.128125 0.628125 0.11640625 0.621875 0.11171875 0.6328125 0.11015625 0.63203125 0.103125 0.68671875 0.0953125 0.72734375 0.0984375 0.73515625 0.090625 0.75859375 0.084375 0.759375 0.00078125 0.35 0.00078125 0.35703125 0.009375 0.38515625 0.0078125 0.40078125 0.0328125 0.40859375 0.0296875
0 0.00703125 0.103125 0.0046875 0.10859375 0.00859375 0.1140625 0.0140625 0.11171875 0.0140625 0.11796875 0 0.12109375 0.06796875 0.1234375 0.06015625 0.1359375 0.05234375 0.1359375 0.04765625 0.1265625 0.0453125 0.13671875 0.09609375 0.14375 0.31796875 0.1453125 0.33828125 0.1375 0.34375 0.12578125 0.3453125 0.00078125 0.00078125 0 0.003125 0.09453125 0.01328125 0.0953125 0.0234375 0.10546875 0.00703125 0.103125
0 0.8078125 0.09609375 0.80625 0.00078125 0.765625 0.00078125 0.7671875 0.07578125 0.775 0.07734375 0.78203125 0.1015625 0.8078125 0.09609375
0 0.809375 0.13984375 0.809375 0.10546875 0.8046875 0.09921875 0.7828125 0.10859375 0.7796875 0.13984375 0.78984375 0.1671875 0.7984375 0.16328125 0.809375 0.13984375
0 0.73671875 0.2078125 0.7640625 0.20546875 0.7625 0.13203125 0.74921875 0.13125 0.740625 0.13828125 0.7421875 0.18671875 0.734375 0.20078125 0.73671875 0.2078125
0 0.246875 0.82578125 0.25 0.80703125 0.24375 0.80234375 0.2390625 0.76796875 0.225 0.74765625 0.1890625 0.80078125 0.184375 0.82109375 0.18828125 0.85 0.22578125 0.846875 0.246875 0.82578125
0 0.25546875 0.8953125 0.27109375 0.8953125 0.2765625 0.88359375 0.275 0.86328125 0.25 0.85390625 0.24296875 0.853125 0.23125 0.87109375 0.2296875 0.90234375 0.23671875 0.9078125 0.25546875 0.8953125
0 0.07890625 0.81875 0.0875 0.81484375 0.0984375 0.78046875 0.0890625 0.71484375 0.0828125 0.71953125 0.08125 0.76171875 0.075 0.77109375 0.0734375 0.80859375 0.07890625 0.81875
0 0 0.56796875 0.00625 0.56953125 0.0109375 0.61015625 0.02421875 0.61875 0.03125 0.61015625 0.028125 0.55859375 0.04375 0.53984375 0.0296875 0.52421875 0.0296875 0.46484375 0.0234375 0.45234375 0.01328125 0.4515625 0.00625 0.45859375 0.0078125 0.48046875 0 0.48984375 0 0.56796875