0 0.74375 0.46484375 0.290625 0.9234375
0 0.19921875 0.6375 0.2140625 0.565625
0 0.9796875 0.14921875 0.0375 0.1421875
0 0.98984375 0.015625 0.0203125 0.03125
0 0.5578125 0.6 0.028125 0.040625
0 0.54921875 0.5296875 0.0453125 0.05
0 0.56953125 0.4796875 0.0265625 0.059375
0 0.37421875 0.434375 0.0359375 0.034375
0 0.02265625 0.4828125 0.0453125 0.053125
0 0.240625 0.97265625 0.034375 0.0453125
0 0.475 0.02578125 0.034375 0.0515625
0 0.33125 0.01484375 0.0375 0.0296875
0 0.509375 0.3515625 0.028125 0.03125
0 0.21328125 0.0953125 0.0453125 0.065625
0 0.2515625 0.0421875 0.028125 0.059375
0 0.01640625 0.409375 0.0265625 0.03125