0 0.74375 0.53515625 0.290625 0.9234375
0 0.19921875 0.3625 0.2140625 0.56484375
0 0.9796875 0.85078125 0.03828125 0.1421875
0 0.98984375 0.984375 0.0203125 0.03125
0 0.5578125 0.4 0.02890625 0.040625
0 0.54921875 0.4703125 0.0453125 0.05078125
0 0.56953125 0.5203125 0.0265625 0.06015625
0 0.37421875 0.565625 0.0359375 0.03359375
0 0.02265625 0.5171875 0.0453125 0.053125
0 0.240625 0.02734375 0.03359375 0.0453125
0 0.475 0.97421875 0.034375 0.0515625
0 0.33125 0.98515625 0.0375 0.0296875
0 0.509375 0.6484375 0.02890625 0.03125
0 0.21328125 0.9046875 0.0453125 0.06484375
0 0.2515625 0.9578125 0.02890625 0.06015625
0 0.01640625 0.590625 0.0265625 0.03125