0 0.434375 0.72109375 0.44453125 0.725 0.45078125 0.7359375 0.46484375 0.7203125 0.46953125 0.7296875 0.47734375 0.7234375 0.48984375 0.734375 0.52265625 0.74375 0.60703125 0.7421875 0.66953125 0.728125 0.68671875 0.7328125 0.70078125 0.7265625 0.70546875 0.73125 0.71953125 0.7234375 0.73671875 0.7234375 0.74921875 0.7140625 0.81328125 0.734375 0.86171875 0.7328125 0.87421875 0.7421875 0.90546875 0.7421875 0.94296875 0.7390625 0.95234375 0.73125 0.98828125 0.721875 0.9921875 0.71484375 0.99375 0.63203125 0.9875 0.59140625 0.94453125 0.58125 0.93984375 0.5703125 0.92578125 0.5640625 0.90859375 0.565625 0.88671875 0.5546875 0.85703125 0.553125 0.83984375 0.53125 0.71640625 0.528125 0.67734375 0.5375 0.64921875 0.5328125 0.61015625 0.5390625 0.56875 0.56328125 0.56484375 0.584375 0.53828125 0.6 0.51328125 0.6046875 0.49296875 0.6359375 0.43828125 0.6484375 0.36484375 0.6328125 0.35234375 0.64375 0.35703125 0.6671875 0.39765625 0.6703125 0.40625 0.68828125 0.428125 0.70234375 0.434375 0.72109375
0 0.91484375 0.7703125 0.91015625 0.775 0.91328125 0.7953125 0.96953125 0.809375 1 0.83671875 0.99921875 0.7671875 0.91484375 0.7703125
0 0.59609375 0.884375 0.58515625 0.8859375 0.57890625 0.8953125 0.59140625 0.9078125 0.61640625 0.909375 0.634375 0.89609375 0.634375 0.88984375 0.59609375 0.884375
0 0.31015625 0.6 0.32890625 0.6078125 0.34375 0.59609375 0.34375 0.58828125 0.3328125 0.57734375 0.334375 0.56796875 0.32578125 0.5609375 0.30078125 0.56875 0.26953125 0.559375 0.19609375 0.559375 0.18671875 0.5703125 0.16640625 0.575 0.20859375 0.5796875 0.22578125 0.6 0.25078125 0.60625 0.28046875 0.6078125 0.31015625 0.6
0 0.07578125 0.9 0.06796875 0.9 0.05234375 0.903125 0.03828125 0.9203125 0.05078125 0.93125 0.06015625 0.93125 0.08203125 0.925 0.0859375 0.91484375 0.07578125 0.9
0 0.22578125 0.828125 0.21328125 0.8375 0.22109375 0.846875 0.23515625 0.8484375 0.2515625 0.83671875 0.24140625 0.828125 0.22578125 0.828125
0 0.1875 0.74765625 0.18125 0.73046875 0.17265625 0.7265625 0.15234375 0.7359375 0.13828125 0.7609375 0.140625 0.77734375 0.14921875 0.7875 0.15859375 0.7734375 0.18359375 0.76875 0.1875 0.74765625
0 0.1 0.59296875 0.0796875 0.57890625 0.10390625 0.5734375 0.10625 0.56171875 0.08046875 0.5453125 0.05390625 0.5453125 0.040625 0.55234375 0.03671875 0.575 0.04453125 0.5921875 0.05859375 0.59375 0.07265625 0.6078125 0.08515625 0.6078125 0.1 0.59296875
0 0.05546875 0.59375 0.06953125 0.6078125 0.08515625 0.6078125 0.1 0.59609375 0.0890625 0.57890625 0.10625 0.57109375 0.10625 0.56171875 0.08515625 0.546875 0.06328125 0.54375 0.04453125 0.546875 0.03671875 0.56875 0.01171875 0.5640625 0.00234375 0.571875 0.003125 0.59140625 0.01484375 0.603125 0.02578125 0.6046875 0.03984375 0.5953125 0.05546875 0.59375
0 0.55234375 0.24375 0.56015625 0.2546875 0.58359375 0.2609375 0.59921875 0.259375 0.609375 0.24921875 0.60625 0.23671875 0.59375 0.22421875 0.59375 0.20859375 0.56875 0.18203125 0.56015625 0.1625 0.53828125 0.153125 0.50078125 0.15625 0.48203125 0.1390625 0.45703125 0.1296875 0.4546875 0.12109375 0.43671875 0.1078125 0.39921875 0.1078125 0.390625 0.11640625 0.3703125 0.15859375 0.3765625 0.17265625 0.35546875 0.1890625 0.378125 0.20703125 0.36875 0.22734375 0.40546875 0.2515625 0.48515625 0.259375 0.55234375 0.24375
0 0.815625 0.01953125 0.80234375 0.0265625 0.80859375 0.0390625 0.83671875 0.0421875 0.846875 0.00234375 0.81796875 0.0046875 0.815625 0.01953125
0 0.7390625 0.13359375 0.728125 0.12578125 0.73125 0.11328125 0.72421875 0.1 0.69765625 0.0953125 0.64921875 0.103125 0.63515625 0.1265625 0.634375 0.17109375 0.64921875 0.184375 0.69609375 0.1828125 0.709375 0.16015625 0.7390625 0.13359375