0 0.215625 0.93046875 0.2046875 0.97734375 0.21171875 0.9875 0.31796875 0.9875 0.346875 0.92421875 0.4859375 0.41015625 0.471875 0.38359375 0.4625 0.33203125 0.4453125 0.32265625 0.40859375 0.321875 0.3921875 0.33671875 0.3453125 0.50859375 0.3171875 0.57734375 0.215625 0.93046875
0 0.19296875 0 0.1984375 0.09921875 0.190625 0.15859375 0.1671875 0.19921875 0.1703125 0.21484375 0.16484375 0.2171875 0.1640625 0.20546875 0.15703125 0.20625 0.1578125 0.21171875 0.1375 0.22734375 0.14375 0.23046875 0.1359375 0.24765625 0.12890625 0.24375 0.1296875 0.25390625 0.115625 0.25859375 0.13046875 0.2828125 0.14453125 0.2765625 0.14765625 0.2828125 0.15234375 0.2765625 0.1546875 0.278125 0.1546875 0.26953125 0.1609375 0.26015625 0.1625 0.23046875 0.17890625 0.2140625 0.19375 0.23828125 0.1921875 0.27421875 0.20390625 0.2859375 0.2171875 0.28203125 0.22109375 0.259375 0.23203125 0.2625 0.234375 0.27421875 0.24453125 0.278125 0.25234375 0.2640625 0.31953125 0.2640625 0.33359375 0.2578125 0.33828125 0.2671875 0.35546875 0.2671875 0.36171875 0.2609375 0.38046875 0.2671875 0.42890625 0.2671875 0.4234375 0.26171875 0.43359375 0.259375 0.4390625 0.24609375 0.446875 0.24296875 0.446875 0.22890625 0.425 0.17265625 0.43125 0.08203125 0.446875 0.02734375 0.46328125 0.0078125 0.49296875 0.0078125 0.4921875 0.01484375 0.51328125 0.025 0.5234375 0.04296875 0.5296875 0.08203125 0.528125 0.17109375 0.534375 0.17578125 0.528125 0.18671875 0.54609375 0.178125 0.5765625 0.18359375 0.565625 0.18671875 0.565625 0.21484375 0.553125 0.21953125 0.56640625 0.228125 0.571875 0.21953125 0.5671875 0.21484375 0.5765625 0.20234375 0.5703125 0.19921875 0.57734375 0.2 0.5859375 0.18671875 0.58203125 0.1765625 0.571875 0.17578125 0.58125 0.17265625 0.571875 0.16796875 0.58359375 0.1421875 0.6078125 0.14921875 0.6109375 0.18359375 0.621875 0.19609375 0.61875 0.16796875 0.625 0.11640625 0.6140625 0.09765625 0.6234375 0.08671875 0.6234375 0.00078125 0.49296875 0 0.48671875 0.0046875 0.48359375 0 0.19296875 0
0 0.67421875 0.303125 0.68359375 0.3015625 0.69140625 0.3203125 0.703125 0.31640625 0.70625 0.25703125 0.7171875 0.24609375 0.7125 0.22109375 0.7171875 0.21484375 0.703125 0.16171875 0.70625 0.09453125 0.71875 0.05078125 0.7125 0.02578125 0.715625 0.00078125 0.628125 0.00078125 0.634375 0.26171875 0.646875 0.26484375 0.6515625 0.29296875 0.67421875 0.303125
0 0.815625 0.25546875 0.81875 0.26953125 0.8125 0.28671875 0.825 0.30078125 0.82578125 0.3609375 0.85625 0.35859375 0.8578125 0.00078125 0.784375 0.00078125 0.7875 0.04765625 0.7984375 0.08828125 0.7984375 0.24296875 0.815625 0.25546875
0 0.78359375 0.05 0.8015625 0.04140625 0.8046875 0.02265625 0.8109375 0.02734375 0.81875 0.00078125 0.71171875 0 0.7109375 0.01015625 0.72265625 0.0453125 0.74140625 0.034375 0.78359375 0.05
0 0.3578125 0.87578125 0.353125 0.90859375 0.3375 0.95078125 0.334375 0.98203125 0.34765625 0.9875 0.56171875 0.984375 0.55625 0.95234375 0.5609375 0.91640625 0.5515625 0.88515625 0.5453125 0.88515625 0.5453125 0.84296875 0.5375 0.81953125 0.51328125 0.815625 0.49140625 0.8015625 0.47421875 0.765625 0.46796875 0.7734375 0.44296875 0.771875 0.44296875 0.7671875 0.41953125 0.765625 0.41796875 0.759375 0.4078125 0.75859375 0.396875 0.76328125 0.378125 0.81953125 0.371875 0.82421875 0.365625 0.86484375 0.3578125 0.87578125
0 0.56875 0.53671875 0.5609375 0.54609375 0.559375 0.58359375 0.565625 0.58984375 0.575 0.64609375 0.575 0.72109375 0.5671875 0.77265625 0.571875 0.82265625 0.58203125 0.840625 0.58828125 0.834375 0.60078125 0.8375 0.6125 0.82421875 0.621875 0.73984375 0.603125 0.55234375 0.609375 0.48515625 0.6015625 0.48203125 0.603125 0.46328125 0.5921875 0.44609375 0.596875 0.43828125 0.58515625 0.4296875 0.58203125 0.4359375 0.578125 0.42890625 0.56875 0.43671875 0.571875 0.44453125 0.5671875 0.44765625 0.5703125 0.52109375 0.56875 0.53671875
0 0.4015625 0.70390625 0.3953125 0.76640625 0.40390625 0.7765625 0.40703125 0.7671875 0.46171875 0.7734375 0.46875 0.77734375 0.46640625 0.7828125 0.4625 0.77734375 0.4625 0.78359375 0.47109375 0.7859375 0.4875 0.76015625 0.475 0.68359375 0.4796875 0.60703125 0.4921875 0.57578125 0.5171875 0.54765625 0.515625 0.53984375 0.5015625 0.53046875 0.50078125 0.515625 0.48671875 0.5140625 0.48046875 0.50625 0.47421875 0.5125 0.46875 0.50078125 0.45 0.52421875 0.440625 0.58984375 0.4171875 0.64140625 0.4171875 0.66796875 0.4015625 0.70390625
0 0.5015625 0.55546875 0.53203125 0.5546875 0.55390625 0.5734375 0.5609375 0.56484375 0.55625 0.55234375 0.5734375 0.54296875 0.57734375 0.5296875 0.58046875 0.534375 0.58984375 0.53125 0.590625 0.51640625 0.6015625 0.51328125 0.6 0.46171875 0.59609375 0.453125 0.5921875 0.45859375 0.5984375 0.41796875 0.57421875 0.4078125 0.5015625 0.40390625 0.490625 0.41015625 0.4875 0.41953125 0.496875 0.51171875 0.5078125 0.52109375 0.5015625 0.55546875
0 0.70703125 0.703125 0.72890625 0.703125 0.75390625 0.7125 0.76953125 0.671875 0.7984375 0.66796875 0.790625 0.66171875 0.79296875 0.65625 0.8265625 0.67890625 0.840625 0.71796875 0.84921875 0.7265625 0.85859375 0.6875 0.878125 0.68984375 0.8796875 0.71015625 0.8796875 0.44921875 0.87421875 0.4421875 0.7546875 0.43984375 0.69453125 0.4390625 0.6875 0.44609375 0.690625 0.72421875 0.703125 0.72578125 0.70703125 0.703125
0 0.74140625 0.8875 0.7453125 0.85390625 0.728125 0.77265625 0.7234375 0.70546875 0.71015625 0.7015625 0.7 0.68671875 0.690625 0.68828125 0.6890625 0.70390625 0.6890625 0.88203125 0.69765625 0.8875 0.74140625 0.8875
0 0.1015625 0.28671875 0.11015625 0.284375 0.11640625 0.2984375 0.12265625 0.2890625 0.13515625 0.2921875 0.13125 0.29765625 0.14140625 0.3046875 0.153125 0.28515625 0.15 0.25859375 0.1578125 0.25390625 0.1625 0.23046875 0.175 0.21484375 0.1671875 0.19921875 0.1859375 0.16796875 0.1953125 0.13515625 0.196875 0.04140625 0.1890625 0.00078125 0.0421875 0.00234375 0.028125 0.28203125 0.05546875 0.3046875 0.09609375 0.3015625 0.1015625 0.28671875
0 0.0109375 0.74921875 0.01953125 0.7578125 0.02734375 0.75 0.03515625 0.7578125 0.03984375 0.7515625 0.04921875 0.7640625 0.05546875 0.759375 0.06328125 0.7625 0.0859375 0.71796875 0.11328125 0.7109375 0.1171875 0.69765625 0.1296875 0.69296875 0.13125 0.65859375 0.1421875 0.64296875 0.1328125 0.63828125 0.1296875 0.61171875 0.159375 0.58515625 0.16484375 0.5625 0.2046875 0.55078125 0.2046875 0.39921875 0.196875 0.37265625 0.184375 0.36796875 0.09453125 0.3671875 0.078125 0.37265625 0.0765625 0.41484375 0.0125 0.63671875 0.0109375 0.74921875
0 0.7703125 0.19921875 0.76171875 0.2171875 0.7578125 0.17109375 0.76328125 0.1625 0.753125 0.16796875 0.75078125 0.21875 0.74375 0.21640625 0.73984375 0.203125 0.73359375 0.215625 0.72265625 0.1984375 0.71484375 0.215625 0.70859375 0.209375 0.70234375 0.2140625 0.67578125 0.2109375 0.659375 0.21953125 0.65546875 0.23125 0.63984375 0.2265625 0.6328125 0.23359375 0.62734375 0.259375 0.61875 0.22890625 0.625 0.22265625 0.6109375 0.21171875 0.61796875 0.2015625 0.59296875 0.2015625 0.58359375 0.215625 0.5875 0.20234375 0.58046875 0.1984375 0.5703125 0.23046875 0.55078125 0.234375 0.53125 0.23046875 0.5328125 0.20234375 0.52265625 0.2015625 0.5203125 0.21015625 0.528125 0.21328125 0.515625 0.21640625 0.5046875 0.23828125 0.49375 0.30234375 0.49765625 0.309375 0.5046875 0.30703125 0.5109375 0.33359375 0.5265625 0.33671875 0.51875 0.34765625 0.528125 0.35390625 0.51796875 0.353125 0.50390625 0.3640625 0.49453125 0.3546875 0.475 0.36640625 0.4890625 0.37890625 0.490625 0.39140625 0.49453125 0.3875 0.51328125 0.4015625 0.56953125 0.4015625 0.57421875 0.3921875 0.5859375 0.39765625 0.58984375 0.371875 0.63671875 0.3984375 0.78046875 0.4078125 0.80859375 0.4 0.83828125 0.4 0.83828125 0.3890625 0.81328125 0.390625 0.81328125 0.3859375 0.825 0.38359375 0.81171875 0.3828125 0.809375 0.37734375 0.84140625 0.3734375 0.84140625 0.3640625 0.8578125 0.35703125 0.85625 0.19609375 0.84765625 0.196875 0.8328125 0.21484375 0.82734375 0.2328125 0.81640625 0.2359375 0.81171875 0.246875 0.80546875 0.2453125 0.7890625 0.19140625 0.78515625 0.1875 0.78203125 0.19375 0.775 0.19296875 0.7765625 0.16328125 0.7703125 0.14609375 0.7671875 0.15546875 0.771875 0.16015625 0.765625 0.16484375 0.7703125 0.16796875 0.7703125 0.19921875
0 0.146875 0.21796875 0.13828125 0.2171875 0.1359375 0.22578125 0.125 0.23203125 0.1234375 0.24609375 0.10390625 0.2796875 0.07109375 0.2796875 0.05625 0.26953125 0.065625 0.26171875 0.06328125 0.2578125 0.0421875 0.25859375 0.0421875 0.27578125 0.028125 0.29453125 0.028125 0.33046875 0.03515625 0.3375 0.0640625 0.34140625 0.0578125 0.35234375 0.06640625 0.36875 0.17578125 0.3640625 0.371875 0.37578125 0.3765625 0.34453125 0.37109375 0.3359375 0.359375 0.33359375 0.3546875 0.31484375 0.3484375 0.31328125 0.3515625 0.30078125 0.340625 0.28984375 0.3421875 0.28203125 0.33125 0.27734375 0.33203125 0.265625 0.30234375 0.2640625 0.29921875 0.25 0.27421875 0.2484375 0.26796875 0.240625 0.26171875 0.246875 0.25234375 0.240625 0.25234375 0.246875 0.23828125 0.246875 0.23515625 0.240625 0.23515625 0.246875 0.20390625 0.246875 0.1984375 0.24296875 0.2015625 0.23359375 0.178125 0.21484375 0.16640625 0.2234375 0.1515625 0.22265625 0.15625 0.22578125 0.15234375 0.24375 0.146875 0.21796875
0 0.59140625 0.4921875 0.5859375 0.54453125 0.578125 0.54453125 0.57734375 0.5109375 0.5765625 0.53671875 0.565625 0.57109375 0.584375 0.67421875 0.584375 0.72265625 0.5765625 0.75234375 0.58125 0.76015625 0.5734375 0.76796875 0.571875 0.82265625 0.5765625 0.87109375 0.58203125 0.859375 0.584375 0.88203125 0.5828125 0.89765625 0.5765625 0.90078125 0.575 0.96171875 0.56875 0.98359375 0.64765625 0.9875 0.67109375 0.9828125 0.67578125 0.9875 0.69140625 0.9859375 0.70234375 0.9703125 0.70703125 0.978125 0.71015625 0.9703125 0.71953125 0.9703125 0.72265625 0.98125 0.7234375 0.97265625 0.73828125 0.9703125 0.74375 0.95703125 0.7390625 0.90234375 0.72421875 0.890625 0.69140625 0.890625 0.6859375 0.88515625 0.684375 0.45078125 0.67265625 0.4359375 0.64453125 0.4359375 0.63984375 0.4234375 0.609375 0.42109375 0.6 0.42578125 0.6015625 0.51328125 0.59375 0.51328125 0.596875 0.49453125 0.59140625 0.4921875