0 0.3609375 0.57734375 0.3828125 0.63359375 0.3984375 0.64609375 0.40546875 0.671875 0.415625 0.66953125 0.4171875 0.65234375 0.453125 0.59296875 0.459375 0.56171875 0.4796875 0.53671875 0.4875 0.50859375 0.4703125 0.43515625 0.44609375 0.40625 0.42421875 0.40625 0.4125 0.39453125 0.39375 0.39765625 0.3921875 0.41953125 0.375 0.43671875 0.3609375 0.49140625 0.3609375 0.57734375
0 0.55234375 0.5859375 0.5671875 0.58671875 0.5671875 0.61640625 0.56171875 0.6203125 0.5609375 0.61015625 0.553125 0.60703125 0.553125 0.63203125 0.5578125 0.63515625 0.553125 0.63828125 0.5515625 0.66953125 0.54140625 0.6796875 0.53828125 0.6703125 0.5265625 0.66953125 0.5328125 0.67578125 0.5328125 0.69609375 0.525 0.70546875 0.53828125 0.725 0.5546875 0.72890625 0.5578125 0.75859375 0.5765625 0.80390625 0.578125 0.82734375 0.5625 0.83828125 0.5625 0.85078125 0.58046875 0.915625 0.590625 0.91015625 0.60078125 0.8890625 0.61640625 0.890625 0.62890625 0.903125 0.640625 0.88671875 0.6484375 0.85078125 0.61875 0.83203125 0.61875 0.81953125 0.63828125 0.775 0.65234375 0.771875 0.66171875 0.7921875 0.671875 0.78984375 0.6734375 0.81171875 0.68671875 0.828125 0.69140625 0.8125 0.7171875 0.79921875 0.7015625 0.78671875 0.703125 0.73828125 0.69375 0.73359375 0.709375 0.65078125 0.69609375 0.6453125 0.68984375 0.65625 0.68046875 0.65625 0.665625 0.61796875 0.64921875 0.603125 0.63046875 0.60625 0.6140625 0.57265625 0.6015625 0.56328125 0.58984375 0.5671875 0.58046875 0.5625 0.56640625 0.5828125 0.55 0.58046875 0.55234375 0.5859375
0 0.509375 0.64140625 0.5140625 0.69140625 0.5328125 0.72109375 0.5546875 0.73359375 0.55625 0.75703125 0.575 0.80234375 0.578125 0.82421875 0.5609375 0.84453125 0.571875 0.90234375 0.58203125 0.9171875 0.60078125 0.890625 0.61640625 0.8921875 0.62734375 0.9046875 0.640625 0.89140625 0.65 0.85078125 0.6203125 0.83046875 0.63125 0.78359375 0.63828125 0.7765625 0.64765625 0.771875 0.6546875 0.77734375 0.68828125 0.8328125 0.70078125 0.809375 0.72265625 0.8078125 0.7265625 0.83203125 0.73515625 0.8453125 0.7421875 0.83984375 0.7359375 0.83046875 0.7359375 0.79921875 0.7546875 0.80390625 0.7515625 0.77890625 0.771875 0.76796875 0.7859375 0.74140625 0.7859375 0.72734375 0.77578125 0.7234375 0.771875 0.72890625 0.7765625 0.73203125 0.7703125 0.73671875 0.775 0.74765625 0.76953125 0.75 0.765625 0.73046875 0.775 0.71640625 0.75859375 0.7078125 0.74921875 0.7078125 0.74296875 0.715625 0.7421875 0.70078125 0.73359375 0.690625 0.72734375 0.6859375 0.7125 0.68828125 0.70703125 0.64375 0.69609375 0.64375 0.68359375 0.6546875 0.65546875 0.6046875 0.63359375 0.6046875 0.6234375 0.59609375 0.615625 0.57265625 0.6046875 0.56015625 0.6125 0.54765625 0.609375 0.53984375 0.58046875 0.546875 0.56484375 0.5765625 0.54765625 0.575 0.5328125 0.58671875 0.509375 0.64140625
0 0.3953125 0.81171875 0.40703125 0.828125 0.41875 0.83046875 0.4203125 0.84609375 0.40078125 0.84375 0.39296875 0.8578125 0.37265625 0.8609375 0.3640625 0.87734375 0.3640625 0.90234375 0.37109375 0.9109375 0.36875 0.88046875 0.3828125 0.87890625 0.375 0.87109375 0.38515625 0.8640625 0.396875 0.86953125 0.39453125 0.8765625 0.3859375 0.87734375 0.396875 0.88359375 0.396875 0.88984375 0.3890625 0.89296875 0.39375 0.90546875 0.37578125 0.90625 0.375 0.91640625 0.39609375 0.91875 0.41640625 0.934375 0.48671875 0.9296875 0.4921875 0.92421875 0.484375 0.90546875 0.4875 0.88359375 0.465625 0.85390625 0.465625 0.81953125 0.484375 0.80390625 0.4828125 0.78046875 0.4953125 0.77734375 0.503125 0.75078125 0.49375 0.71953125 0.47578125 0.7140625 0.46796875 0.6953125 0.4609375 0.71015625 0.453125 0.71328125 0.45 0.68203125 0.44296875 0.671875 0.44375 0.68515625 0.4390625 0.68515625 0.4375 0.66796875 0.41875 0.70390625 0.4265625 0.73671875 0.403125 0.76015625 0.39375 0.77890625 0.3953125 0.81171875
0 0.1953125 0.61953125 0.1953125 0.63515625 0.2078125 0.65390625 0.2171875 0.68671875 0.23515625 0.6890625 0.23984375 0.6953125 0.2703125 0.66796875 0.28125 0.61953125 0.27578125 0.603125 0.2546875 0.60859375 0.2578125 0.58671875 0.2421875 0.57890625 0.2453125 0.55390625 0.2578125 0.53203125 0.25625 0.51484375 0.24296875 0.5140625 0.22265625 0.534375 0.2078125 0.53828125 0.2140625 0.57265625 0.1953125 0.61953125
0 0.13984375 0.3171875 0.12109375 0.309375 0.109375 0.33046875 0.096875 0.33671875 0.0890625 0.36171875 0.109375 0.40546875 0.12578125 0.4140625 0.13359375 0.4015625 0.140625 0.42578125 0.16484375 0.4484375 0.1953125 0.39140625 0.2 0.34140625 0.19375 0.30546875 0.2015625 0.28203125 0.19453125 0.2796875 0.17890625 0.2890625 0.1640625 0.27109375 0.1578125 0.24609375 0.1453125 0.23984375 0.13515625 0.2390625 0.1296875 0.25390625 0.14375 0.28671875 0.146875 0.31171875 0.13984375 0.3171875
0 0.2265625 0.11640625 0.240625 0.12109375 0.246875 0.18515625 0.25546875 0.1953125 0.26328125 0.1953125 0.27421875 0.18125 0.30703125 0.1796875 0.3140625 0.16484375 0.309375 0.09921875 0.29140625 0.078125 0.2828125 0.07578125 0.2671875 0.03984375 0.25625 0.04609375 0.2515625 0.08515625 0.23203125 0.084375 0.221875 0.10078125 0.2265625 0.11640625
0 0.31953125 0.071875 0.3140625 0.08203125 0.315625 0.13671875 0.325 0.16640625 0.34140625 0.1875 0.3515625 0.18828125 0.35 0.21171875 0.37109375 0.228125 0.3859375 0.22109375 0.390625 0.20703125 0.375 0.19296875 0.3703125 0.17109375 0.3953125 0.12890625 0.40625 0.09453125 0.3984375 0.04296875 0.3921875 0.04609375 0.37890625 0.078125 0.34609375 0.075 0.33515625 0.065625 0.31953125 0.071875
0 0.30234375 0.08125 0.31875 0.06953125 0.3234375 0.05078125 0.346875 0.03359375 0.334375 0.00078125 0.275 0.00078125 0.2796875 0.02734375 0.2921875 0.04296875 0.2921875 0.06796875 0.30234375 0.08125
0 0.625 0.20546875 0.6296875 0.28359375 0.6453125 0.29609375 0.6484375 0.31328125 0.66328125 0.3375 0.7109375 0.30078125 0.7109375 0.25859375 0.7 0.20390625 0.7 0.14765625 0.6921875 0.13671875 0.6890625 0.08828125 0.68125 0.08203125 0.66171875 0.084375 0.6453125 0.10859375 0.6453125 0.15546875 0.6296875 0.18203125 0.625 0.20546875
0 0.625 0.20390625 0.6296875 0.28203125 0.6453125 0.29765625 0.66171875 0.3359375 0.69609375 0.3109375 0.7109375 0.31171875 0.71875 0.33671875 0.7046875 0.35078125 0.70703125 0.3765625 0.73984375 0.3734375 0.76640625 0.3890625 0.79921875 0.390625 0.8234375 0.36796875 0.8171875 0.32890625 0.8390625 0.25859375 0.85546875 0.2296875 0.8640625 0.22734375 0.87109375 0.2453125 0.8828125 0.23203125 0.884375 0.16953125 0.8625 0.15078125 0.84765625 0.1078125 0.83125 0.11015625 0.8375 0.11796875 0.834375 0.14296875 0.81640625 0.15625 0.79375 0.12890625 0.78515625 0.0875 0.775 0.09609375 0.7734375 0.11640625 0.76171875 0.1375 0.7515625 0.12890625 0.7484375 0.11015625 0.73671875 0.10625 0.728125 0.13046875 0.70234375 0.146875 0.690625 0.13046875 0.6875 0.08671875 0.6796875 0.08203125 0.66171875 0.084375 0.64375 0.11484375 0.6453125 0.15234375 0.628125 0.18515625 0.625 0.20390625
0 0.83125 0.02734375 0.8453125 0.04296875 0.84375 0.09453125 0.85 0.12421875 0.85546875 0.1328125 0.871875 0.13671875 0.88203125 0.1640625 0.88984375 0.1625 0.89921875 0.1484375 0.91875 0.14453125 0.9140625 0.10390625 0.93125 0.09453125 0.934375 0.07109375 0.9546875 0.04609375 0.94453125 0.0203125 0.92265625 0.0203125 0.91484375 0.0328125 0.90859375 0.03125 0.9046875 0.00078125 0.88671875 0 0.88671875 0.009375 0.87890625 0 0.828125 0.00234375 0.83125 0.02734375
0 0.1765625 0.88515625 0.175 0.89609375 0.18828125 0.915625 0.2015625 0.90546875 0.20625 0.91953125 0.196875 0.93203125 0.1984375 0.94453125 0.22109375 0.965625 0.25078125 0.946875 0.26328125 0.9671875 0.28203125 0.96875 0.278125 0.91640625 0.26796875 0.915625 0.25546875 0.9328125 0.2453125 0.91796875 0.24375 0.90078125 0.2625 0.86328125 0.2625 0.83671875 0.246875 0.83359375 0.22890625 0.834375 0.22109375 0.85 0.21015625 0.846875 0.190625 0.87890625 0.1765625 0.88515625
0 0.0453125 0.85078125 0.028125 0.87734375 0.05625 0.92421875 0.04609375 0.94375 0.0203125 0.94453125 0.05546875 0.965625 0.06796875 0.9671875 0.06875 0.94921875 0.08125 0.93828125 0.090625 0.91328125 0.0875 0.88515625 0.0921875 0.87265625 0.0703125 0.86484375 0.06875 0.84921875 0.078125 0.83359375 0.0765625 0.81796875 0.0921875 0.78828125 0.0921875 0.77734375 0.07421875 0.7515625 0.0640625 0.74921875 0.03984375 0.753125 0.0296875 0.76640625 0.0453125 0.79140625 0.05 0.81328125 0.0453125 0.85078125