0 0.61796875 0.6609375 0.6734375 0.67734375 0.67109375 0.6875 0.6484375 0.69453125 0.65390625 0.7 0.66796875 0.690625 0.671875 0.69296875 0.659375 0.70078125 0.67109375 0.7015625 0.70859375 0.69375 0.71015625 0.684375 0.73359375 0.6765625 0.76328125 0.653125 0.78046875 0.6296875 0.82109375 0.6140625 0.840625 0.61953125 0.84765625 0.640625 0.89296875 0.634375 0.8921875 0.62578125 0.903125 0.62265625 0.8890625 0.61484375 0.8859375 0.60390625 0.89296875 0.59375 0.91328125 0.5875 0.915625 0.57890625 0.90078125 0.5703125 0.85078125 0.5609375 0.83828125 0.5609375 0.82421875 0.578125 0.79765625 0.575 0.76171875 0.55625 0.73046875 0.553125 0.7265625 0.53671875 0.69140625 0.5125 0.64140625 0.5109375 0.58671875 0.5328125 0.5765625 0.54765625 0.5828125 0.56015625 0.5625 0.57734375 0.56171875 0.5859375 0.5609375 0.59921875 0.57265625 0.6125 0.60625 0.62890625 0.6046875 0.64765625 0.61796875 0.6609375
0 0.6515625 0.67734375 0.653125 0.68984375 0.64375 0.69453125 0.64765625 0.70625 0.6828125 0.70859375 0.6859375 0.72734375 0.69765625 0.740625 0.7109375 0.74296875 0.7078125 0.75546875 0.72890625 0.784375 0.74140625 0.784375 0.76484375 0.771875 0.78046875 0.75 0.81171875 0.753125 0.82890625 0.7625 0.85859375 0.7625 0.87421875 0.7734375 0.87890625 0.7609375 0.8859375 0.76328125 0.8796875 0.76796875 0.88359375 0.771875 0.8984375 0.76796875 0.890625 0.76484375 0.88984375 0.7578125 0.878125 0.75859375 0.896875 0.74765625 0.8875 0.73984375 0.88984375 0.7359375 0.87109375 0.7421875 0.85390625 0.7390625 0.81328125 0.7203125 0.80625 0.71328125 0.8078125 0.70234375 0.8375 0.68671875 0.771875 0.64765625 0.78203125 0.6296875 0.82265625 0.615625 0.8390625 0.61953125 0.84921875 0.646875 0.89453125 0.6359375 0.903125 0.62421875 0.8890625 0.61484375 0.8859375 0.59609375 0.91328125 0.5875 0.91171875 0.575 0.84296875 0.559375 0.83046875 0.575 0.81953125 0.5765625 0.75703125 0.5546875 0.73515625 0.553125 0.72421875 0.5328125 0.684375 0.50859375 0.6890625 0.50078125 0.68125 0.49296875 0.6875 0.48828125 0.67421875 0.484375 0.67109375 0.4984375 0.61796875 0.515625 0.60703125 0.528125 0.58203125 0.5328125 0.575 0.56484375 0.5640625 0.57109375 0.56171875 0.59375 0.56640625 0.6078125 0.6015625 0.62578125 0.603125 0.64609375 0.61015625 0.65625 0.6515625 0.67734375
0 0.49765625 0.4828125 0.53515625 0.4765625 0.58046875 0.446875 0.60234375 0.44375 0.64140625 0.425 0.65390625 0.4125 0.66640625 0.4140625 0.671875 0.40859375 0.66640625 0.3984375 0.64609375 0.396875 0.63203125 0.38125 0.57890625 0.359375 0.46953125 0.3625 0.43671875 0.3734375 0.42109375 0.390625 0.39453125 0.3953125 0.39375 0.41015625 0.4078125 0.42578125 0.41015625 0.4484375 0.45078125 0.475 0.49765625 0.4828125
0 0.77578125 0.48125 0.79921875 0.484375 0.81796875 0.465625 0.84765625 0.4625 0.88359375 0.4859375 0.90703125 0.4828125 0.92421875 0.490625 0.93125 0.48359375 0.934375 0.42109375 0.925 0.40859375 0.91875 0.39140625 0.921875 0.38046875 0.91328125 0.365625 0.89609375 0.359375 0.83515625 0.3625 0.8328125 0.37265625 0.846875 0.39140625 0.84296875 0.4203125 0.83203125 0.41875 0.8265625 0.40390625 0.81015625 0.3921875 0.77578125 0.3921875 0.73515625 0.4265625 0.71171875 0.4296875 0.7171875 0.44765625 0.71171875 0.4453125 0.7125 0.45703125 0.69765625 0.4640625 0.715625 0.47421875 0.72109375 0.4890625 0.75546875 0.5 0.77109375 0.4953125 0.77578125 0.48125
0 0.68515625 0.503125 0.68828125 0.496875 0.715625 0.48828125 0.70625 0.46484375 0.7265625 0.44921875 0.7265625 0.42734375 0.71640625 0.4140625 0.69921875 0.415625 0.68515625 0.4265625 0.65234375 0.4203125 0.58671875 0.4578125 0.63046875 0.48125 0.65078125 0.48125 0.65859375 0.4953125 0.67890625 0.496875 0.68515625 0.503125
0 0.68046875 0.2625 0.6890625 0.25703125 0.69375 0.23671875 0.69375 0.23046875 0.66640625 0.2046875 0.62421875 0.1953125 0.60703125 0.1953125 0.6015625 0.20078125 0.6015625 0.21640625 0.58359375 0.2203125 0.57421875 0.2328125 0.54609375 0.228125 0.53203125 0.21875 0.51640625 0.2265625 0.53671875 0.2671875 0.57109375 0.2609375 0.61015625 0.278125 0.63984375 0.278125 0.68046875 0.2625
0 0.965625 0.21953125 0.94921875 0.1984375 0.93828125 0.1953125 0.91796875 0.2046875 0.88515625 0.2 0.86640625 0.2046875 0.859375 0.20234375 0.8734375 0.19921875 0.85703125 0.1984375 0.8484375 0.21015625 0.85 0.21796875 0.83515625 0.225 0.834375 0.25703125 0.85703125 0.2609375 0.90390625 0.2421875 0.94453125 0.25 0.965625 0.21953125
0 0.98359375 0.0140625 0.77890625 0.0140625 0.7515625 0.03203125 0.74921875 0.04375 0.75 0.06796875 0.77421875 0.0828125 0.82421875 0.0921875 0.9859375 0.08984375 0.98359375 0.0140625
0 0.94609375 0.25 0.91640625 0.265625 0.91796875 0.278125 0.96640625 0.2828125 0.9703125 0.27734375 0.9671875 0.26171875 0.94609375 0.25
0 0.28515625 0.2 0.30390625 0.1921875 0.34140625 0.1984375 0.39453125 0.19375 0.41953125 0.175 0.43515625 0.1734375 0.446875 0.16484375 0.42578125 0.1390625 0.38984375 0.1359375 0.38828125 0.13125 0.4125 0.12421875 0.4078125 0.11171875 0.36328125 0.0875 0.33671875 0.0953125 0.32734375 0.1109375 0.32109375 0.109375 0.30625 0.12109375 0.3203125 0.13984375 0.31328125 0.1453125 0.28828125 0.14375 0.25234375 0.128125 0.23828125 0.1359375 0.24765625 0.15625 0.27890625 0.165625 0.2890625 0.17734375 0.2796875 0.19140625 0.28515625 0.2
0 0.1796875 0.30546875 0.18125 0.27265625 0.1953125 0.26171875 0.1953125 0.25390625 0.18515625 0.2453125 0.11796875 0.2390625 0.11640625 0.225 0.09921875 0.2203125 0.084375 0.22734375 0.08671875 0.25 0.04609375 0.2546875 0.03984375 0.2609375 0.04609375 0.271875 0.08046875 0.2796875 0.10703125 0.309375 0.16328125 0.3125 0.1796875 0.30546875
0 0.19765625 0.3734375 0.20546875 0.3875 0.21796875 0.384375 0.2265625 0.37421875 0.21328125 0.3515625 0.18828125 0.3515625 0.18203125 0.334375 0.14453125 0.315625 0.08515625 0.3125 0.07265625 0.3234375 0.0796875 0.37890625 0.11015625 0.396875 0.12890625 0.39375 0.17421875 0.36875 0.19765625 0.3734375
0 0.1109375 0.46328125 0.11484375 0.4453125 0.1609375 0.43671875 0.15546875 0.425 0.11953125 0.403125 0.07109375 0.4078125 0.04296875 0.403125 0.02890625 0.4140625 0.00078125 0.4140625 0 0.45546875 0.02421875 0.4765625 0.05859375 0.4703125 0.08671875 0.4796875 0.1109375 0.46328125
0 0.08046875 0.3125 0.15703125 0.3140625 0.17734375 0.3078125 0.1828125 0.27265625 0.1953125 0.26171875 0.1953125 0.25390625 0.18359375 0.2453125 0.13046875 0.2390625 0.11328125 0.2171875 0.10078125 0.215625 0.0828125 0.22734375 0.07890625 0.2484375 0.04765625 0.253125 0.01796875 0.271875 0.00078125 0.2734375 0 0.33203125 0.03359375 0.3453125 0.04921875 0.3265625 0.06484375 0.325 0.08046875 0.3125
0 0 0.45546875 0.02265625 0.475 0.05859375 0.4703125 0.08046875 0.478125 0.09609375 0.475 0.1109375 0.46171875 0.11484375 0.4453125 0.14765625 0.4421875 0.1578125 0.43515625 0.11484375 0.3984375 0.17421875 0.36875 0.19609375 0.3734375 0.20546875 0.384375 0.21484375 0.384375 0.2234375 0.37578125 0.2234375 0.36484375 0.21171875 0.35 0.19296875 0.3484375 0.17734375 0.328125 0.1640625 0.32109375 0.1796875 0.30546875 0.184375 0.27265625 0.1953125 0.26171875 0.18828125 0.246875 0.13515625 0.2390625 0.11328125 0.2171875 0.09765625 0.2171875 0.0828125 0.22734375 0.07421875 0.25 0.04609375 0.253125 0.03359375 0.2640625 0.00078125 0.275 0 0.33046875 0.03046875 0.3484375 0.05078125 0.328125 0.05859375 0.328125 0.0734375 0.34765625 0.0765625 0.36640625 0.07265625 0.3765625 0.0375 0.39140625 0.03515625 0.4109375 0.00546875 0.4140625 0 0.42109375 0 0.45546875
0 0.28984375 0.7109375 0.3078125 0.70390625 0.309375 0.69296875 0.3375 0.66171875 0.31328125 0.646875 0.29609375 0.64375 0.28515625 0.628125 0.21328125 0.621875 0.17890625 0.6296875 0.15546875 0.64375 0.10390625 0.64375 0.0875 0.65546875 0.08203125 0.6671875 0.08828125 0.6875 0.13671875 0.690625 0.14765625 0.6984375 0.20703125 0.6984375 0.28984375 0.7109375
0 0 0.90234375 0.03125 0.90390625 0.03125 0.91328125 0.0171875 0.92421875 0.0140625 0.94453125 0.01953125 0.9421875 0.03046875 0.953125 0.04609375 0.953125 0.06796875 0.93125 0.09296875 0.928125 0.10390625 0.9109375 0.14453125 0.9171875 0.15 0.90703125 0.1453125 0.89765625 0.16171875 0.8890625 0.16328125 0.88125 0.23828125 0.878125 0.246875 0.86953125 0.2328125 0.86171875 0.26328125 0.8359375 0.33203125 0.815625 0.35703125 0.821875 0.37421875 0.81875 0.390625 0.79140625 0.3890625 0.76484375 0.3703125 0.73515625 0.378125 0.70859375 0.36796875 0.7015625 0.35390625 0.703125 0.33671875 0.71875 0.31171875 0.709375 0.3109375 0.69453125 0.3359375 0.66015625 0.29609375 0.6421875 0.28203125 0.628125 0.21171875 0.621875 0.15234375 0.6421875 0.07578125 0.634375 0.06875 0.63828125 0.06875 0.65078125 0.0828125 0.65390625 0.08125 0.67890625 0.08671875 0.6875 0.13671875 0.6921875 0.1453125 0.69765625 0.1453125 0.70859375 0.13359375 0.7234375 0.1046875 0.73671875 0.10859375 0.7484375 0.13515625 0.7515625 0.1375 0.76015625 0.12421875 0.76875 0.09765625 0.7703125 0.0875 0.77578125 0.0859375 0.78359375 0.13828125 0.7984375 0.1546875 0.81484375 0.153125 0.82265625 0.13984375 0.834375 0.12421875 0.834375 0.11328125 0.821875 0.10234375 0.821875 0.0921875 0.83046875 0.0859375 0.84765625 0.07734375 0.85 0.03046875 0.840625 0.00078125 0.84375 0 0.87421875 0.0125 0.88515625 0 0.89140625 0 0.90234375
0 0.2578125 0.93359375 0.21015625 0.9140625 0.19453125 0.9171875 0.18203125 0.9359375 0.18515625 0.9515625 0.23203125 0.9609375 0.253125 0.95078125 0.25 0.94140625 0.2578125 0.93359375
0 0.71953125 0.8234375 0.69140625 0.8375 0.6953125 0.85390625 0.70546875 0.8640625 0.74375 0.85078125 0.74375 0.84453125 0.71953125 0.8234375