0 0.65078125 0.2046875 0.68515625 0.203125 0.70546875 0.2390625 0.76015625 0.2671875 0.78515625 0.26875 0.81484375 0.2515625 0.83828125 0.2515625 0.8625 0.22265625 0.853125 0.18984375 0.8703125 0.16953125 0.865625 0.13671875 0.875 0.12890625 0.8859375 0.09921875 0.85859375 0.0953125 0.8453125 0.10390625 0.85 0.14296875 0.83828125 0.1546875 0.80546875 0.1515625 0.79140625 0.140625 0.76171875 0.1390625 0.73359375 0.1140625 0.67890625 0.10625 0.62109375 0.1078125 0.60234375 0.1234375 0.5921875 0.12265625 0.59140625 0.140625 0.58125 0.13828125 0.57890625 0.125 0.53203125 0.1234375 0.5234375 0.13203125 0.52265625 0.290625 0.5234375 0.31796875 0.52890625 0.325 0.54453125 0.3265625 0.54921875 0.334375 0.55703125 0.3265625 0.56796875 0.3265625 0.56875 0.31328125 0.56328125 0.3109375 0.55859375 0.3203125 0.55 0.30234375 0.575 0.27578125 0.5875 0.24453125 0.60625 0.22890625 0.6125 0.20703125 0.63203125 0.1984375 0.65078125 0.2046875
0 1 0.00078125 0.93828125 0 0.95 0.03671875 0.946875 0.04765625 0.93984375 0.0609375 0.92578125 0.0625 0.91171875 0.0796875 0.92890625 0.0859375 0.94765625 0.0640625 0.97578125 0.059375 1 0.01640625 1 0.00078125
0 0.6609375 0.60859375 0.6640625 0.61328125 0.65390625 0.6140625 0.65 0.62109375 0.659375 0.63671875 0.65 0.64921875 0.64765625 0.6734375 0.66640625 0.684375 0.71171875 0.68125 0.73671875 0.6921875 0.77890625 0.7234375 0.78984375 0.7109375 0.83828125 0.721875 0.8453125 0.69296875 0.815625 0.62109375 0.80234375 0.6046875 0.78515625 0.6 0.78046875 0.609375 0.76328125 0.6171875 0.70078125 0.6046875 0.67421875 0.6109375 0.66640625 0.6046875 0.6609375 0.60859375
0 0.83828125 0.7421875 0.83359375 0.759375 0.81640625 0.7546875 0.81171875 0.7453125 0.79140625 0.7453125 0.77265625 0.734375 0.74140625 0.740625 0.725 0.75234375 0.71015625 0.790625 0.7234375 0.80078125 0.7140625 0.83359375 0.73828125 0.8625 0.78359375 0.8640625 0.80390625 0.8578125 0.84609375 0.875 0.8515625 0.87109375 0.8484375 0.85078125 0.86875 0.83671875 0.8671875 0.78828125 0.86328125 0.7828125 0.85625 0.78515625 0.8546875 0.77265625 0.8640625 0.76484375 0.84140625 0.7546875 0.83828125 0.7421875
0 0.81875 0.63671875 0.8078125 0.60703125 0.78671875 0.5984375 0.76875 0.57109375 0.74453125 0.55625 0.7296875 0.56328125 0.71796875 0.5859375 0.65859375 0.603125 0.65078125 0.6203125 0.66796875 0.6421875 0.74921875 0.6421875 0.79921875 0.628125 0.81875 0.63671875
0 0.57109375 0.503125 0.571875 0.54296875 0.58359375 0.546875 0.59609375 0.5625 0.60703125 0.5640625 0.634375 0.54453125 0.64375 0.52109375 0.67421875 0.5015625 0.68515625 0.4828125 0.72421875 0.4828125 0.7375 0.47265625 0.63359375 0.4703125 0.63203125 0.484375 0.60078125 0.4890625 0.58515625 0.4875 0.57421875 0.4734375 0.57109375 0.503125
0 0.91640625 0.490625 0.88984375 0.4765625 0.87421875 0.48125 0.8640625 0.48828125 0.85703125 0.5265625 0.86484375 0.5375 0.90859375 0.540625 0.934375 0.51328125 0.940625 0.49453125 0.93046875 0.484375 0.91640625 0.490625
0 1 0.93046875 0.990625 0.92578125 0.9875 0.88984375 0.97734375 0.875 0.97265625 0.8984375 0.93203125 0.9 0.9265625 0.91171875 0.9421875 0.92890625 0.9484375 0.95546875 0.96796875 0.965625 0.9765625 0.97890625 0.96171875 0.99375 0.95078125 0.990625 0.93671875 0.975 0.92578125 0.9765625 0.92265625 0.9875 0.93203125 1 1 0.99921875 1 0.93046875
0 0.77734375 1 0.771875 0.97265625 0.78125 0.94609375 0.796875 0.93046875 0.78203125 0.925 0.76328125 0.93125 0.74765625 0.921875 0.7484375 0.93828125 0.734375 0.94609375 0.7265625 0.96796875 0.72734375 0.990625 0.73359375 1 0.77734375 1
0 0.61796875 0.93125 0.66015625 0.9546875 0.69765625 0.9390625 0.71171875 0.9171875 0.73203125 0.909375 0.7359375 0.90234375 0.63359375 0.9 0.6203125 0.91640625 0.61796875 0.93125
0 0.20390625 0.5234375 0.19765625 0.5140625 0.184375 0.52578125 0.178125 0.53359375 0.18125 0.55703125 0.153125 0.56953125 0.1453125 0.57890625 0.1453125 0.58515625 0.15234375 0.5875 0.30390625 0.5875 0.315625 0.54921875 0.32109375 0.54375 0.33671875 0.5453125 0.340625 0.53515625 0.3359375 0.50859375 0.30625 0.47421875 0.309375 0.45546875 0.31640625 0.4515625 0.34453125 0.4828125 0.37421875 0.4765625 0.378125 0.46640625 0.36875 0.44765625 0.41484375 0.4046875 0.46171875 0.3890625 0.48828125 0.396875 0.5 0.40546875 0.5 0.43671875 0.51171875 0.45 0.5171875 0.43984375 0.5171875 0.34609375 0.509375 0.32265625 0.50078125 0.3203125 0.48046875 0.346875 0.44921875 0.346875 0.44375 0.33828125 0.45 0.33359375 0.43671875 0.3046875 0.3984375 0.29765625 0.3984375 0.24140625 0.3765625 0.20546875 0.3765625 0.18515625 0.36875 0.16796875 0.3515625 0.15078125 0.3578125 0.13046875 0.35625 0.10703125 0.3328125 0.05859375 0.36328125 0.053125 0.38671875 0.0625 0.39140625 0.078125 0.41875 0.08828125 0.4203125 0.09609375 0.4140625 0.09921875 0.42265625 0.10625 0.45234375 0.0984375 0.48671875 0.0703125 0.51015625 0.0703125 0.51640625 0.1015625 0.5171875 0.03515625 0.49765625 0.0265625 0.48984375 0.0078125 0.46953125 0 0.43515625 0.0046875 0.37578125 0 0.36484375 0.0109375 0.34609375 0.0140625 0.29609375 0.00625 0.2859375 0.01484375 0.27109375 0.0453125 0.25234375 0.0484375 0.23515625 0.059375 0.21171875 0.0546875 0.2 0.07109375 0.203125 0.10390625 0.1734375 0.11015625 0.1859375 0.15078125 0.2140625 0.17734375 0.190625 0.22578125 0.1890625 0.27578125 0.159375 0.31953125 0.159375 0.33828125 0.15390625 0.346875 0.14140625 0.35 0.13046875 0.340625 0.12109375 0.340625 0.05703125 0.3703125 0.04921875 0.3875 0.06953125 0.3953125 0.084375 0.41640625 0.0890625 0.42734375 0.084375 0.45078125 0.09140625 0.471875 0.13203125 0.4578125 0.15078125 0.465625 0.16796875 0.4828125 0.19296875 0.484375 0.2 0.47890625 0.2 0.46171875 0.22265625 0.4546875 0.2421875 0.48203125 0.2390625 0.50390625 0.23046875 0.515625 0.20390625 0.5234375
0 0.08359375 0.603125 0.06953125 0.5984375 0.06640625 0.6109375 0.071875 0.63515625 0.06875 0.66171875 0.08515625 0.678125 0.09609375 0.6796875 0.1234375 0.65390625 0.1234375 0.64609375 0.08359375 0.603125
0 0.08203125 0.7671875 0.0890625 0.75078125 0.07421875 0.728125 0.05078125 0.71875 0.03125 0.72890625 0.02265625 0.765625 0.03203125 0.78125 0.08203125 0.7671875
0 0.04609375 0.796875 0.02265625 0.7890625 0.02265625 0.834375 0.05859375 0.853125 0.06796875 0.83125 0.08828125 0.8375 0.0921875 0.82890625 0.07109375 0.790625 0.05859375 0.7890625 0.04609375 0.796875
0 0.19609375 0.9953125 0.2375 0.96953125 0.2390625 0.94453125 0.21484375 0.9375 0.12109375 0.9359375 0.11015625 0.9375 0.11015625 0.946875 0.1171875 0.95390625 0.1140625 0.98046875 0.14765625 0.9953125 0.17734375 0.990625 0.19609375 0.9953125
0 0.42890625 0.959375 0.4375 0.94453125 0.43203125 0.9328125 0.38515625 0.9265625 0.384375 0.90859375 0.36796875 0.9015625 0.33671875 0.903125 0.3296875 0.91484375 0.32890625 0.934375 0.334375 0.96796875 0.35078125 0.975 0.40546875 0.95625 0.42890625 0.959375
0 0.35859375 1 0.3578125 0.98359375 0.36484375 0.96875 0.38515625 0.9671875 0.40859375 0.95625 0.42890625 0.959375 0.4375 0.93828125 0.43203125 0.9328125 0.38828125 0.9265625 0.38359375 0.90625 0.33828125 0.9015625 0.3265625 0.91484375 0.3328125 0.97109375 0.32421875 1 0.35859375 1
0 0.51953125 0.534375 0.51875 0.48203125 0.50859375 0.4765625 0.47421875 0.4875 0.465625 0.50234375 0.46640625 0.525 0.49453125 0.525 0.51953125 0.534375
0 0.89453125 0.2859375 0.90859375 0.290625 0.93828125 0.321875 0.96015625 0.315625 0.9671875 0.30703125 0.965625 0.29453125 0.94140625 0.25625 0.91484375 0.259375 0.89453125 0.2859375