0 0.603125 0.36015625 0.59609375 0.3546875 0.55703125 0.353125 0.54921875 0.34375 0.50390625 0.353125 0.5046875 0.36640625 0.52578125 0.384375 0.59609375 0.3859375 0.6015625 0.37734375 0.603125 0.36015625
0 0.60546875 0.3625 0.66171875 0.3703125 0.67265625 0.3859375 0.72421875 0.3703125 0.89296875 0.3703125 0.9078125 0.36328125 0.86171875 0.35 0.846875 0.32265625 0.82265625 0.3078125 0.79453125 0.315625 0.78359375 0.325 0.74765625 0.3171875 0.73671875 0.3296875 0.67421875 0.3328125 0.65234375 0.346875 0.56328125 0.353125 0.54296875 0.3421875 0.50390625 0.3546875 0.5046875 0.36484375 0.52109375 0.3828125 0.58671875 0.3859375 0.6 0.38203125 0.60546875 0.3625
0 0.325 0.86171875 0.3359375 0.86953125 0.34453125 0.8890625 0.3734375 0.88984375 0.37890625 0.9375 0.41015625 0.9390625 0.42578125 0.9515625 0.46328125 0.9640625 0.47421875 0.9640625 0.51640625 0.9234375 0.5484375 0.91328125 0.5609375 0.87421875 0.5390625 0.84296875 0.56875 0.83046875 0.5703125 0.81015625 0.58359375 0.796875 0.596875 0.81796875 0.59453125 0.853125 0.64765625 0.8515625 0.66328125 0.8359375 0.69609375 0.834375 0.70546875 0.8203125 0.71640625 0.81875 0.721875 0.82265625 0.72265625 0.84375 0.76484375 0.8578125 0.771875 0.84765625 0.7671875 0.82890625 0.7734375 0.79921875 0.78828125 0.790625 0.81953125 0.7875 0.83828125 0.8046875 0.846875 0.79921875 0.84375 0.79609375 0.8609375 0.75390625 0.85390625 0.7453125 0.82734375 0.740625 0.79140625 0.74375 0.765625 0.72421875 0.7671875 0.71640625 0.796875 0.68984375 0.815625 0.63828125 0.846875 0.61484375 0.85390625 0.6 0.8671875 0.60859375 0.86953125 0.61875 0.88515625 0.6203125 0.92421875 0.615625 0.934375 0.60078125 0.94375 0.56015625 0.9375 0.54765625 0.9390625 0.53359375 0.92421875 0.5296875 0.921875 0.51484375 0.9109375 0.51015625 0.9171875 0.50546875 0.9109375 0.49296875 0.9203125 0.48046875 0.928125 0.44296875 0.91796875 0.4421875 0.90546875 0.4625 0.88359375 0.45625 0.86484375 0.4640625 0.8546875 0.44921875 0.85703125 0.4296875 0.83203125 0.4234375 0.82578125 0.4296875 0.82109375 0.421875 0.80703125 0.41875 0.7890625 0.42265625 0.7875 0.44296875 0.76953125 0.45625 0.66328125 0.4578125 0.65546875 0.44375 0.63828125 0.440625 0.63046875 0.4640625 0.6078125 0.46953125 0.6296875 0.52109375 0.62109375 0.553125 0.58671875 0.55 0.57109375 0.5375 0.54921875 0.540625 0.51796875 0.58125 0.4890625 0.58671875 0.46640625 0.6265625 0.44609375 0.6296875 0.43203125 0.625 0.41484375 0.6328125 0.3828125 0.63359375 0.38359375 0.6546875 0.40390625 0.665625 0.43515625 0.671875 0.459375 0.69765625 0.4671875 0.71640625 0.41953125 0.74375 0.37734375 0.74375 0.378125 0.76328125 0.365625 0.79140625 0.375 0.81796875 0.3734375 0.83203125 0.31796875 0.8484375 0.32109375 0.8609375 0.32421875 0.85 0.3288330078125 0.8502197265625 0.325 0.86171875
0 0.16484375 0.7546875 0.17578125 0.75625 0.18125 0.75078125 0.18984375 0.7296875 0.21015625 0.7375 0.22421875 0.734375 0.24609375 0.7515625 0.25859375 0.721875 0.29296875 0.7203125 0.30234375 0.7265625 0.31640625 0.70625 0.33359375 0.7078125 0.35234375 0.7296875 0.359375 0.72890625 0.365625 0.68984375 0.36171875 0.684375 0.32265625 0.6796875 0.28828125 0.6828125 0.27109375 0.690625 0.26328125 0.6734375 0.25234375 0.671875 0.23671875 0.6828125 0.21796875 0.665625 0.20703125 0.6640625 0.19921875 0.6515625 0.17109375 0.6484375 0.15703125 0.6296875 0.12734375 0.6296875 0.12265625 0.6375 0.121875 0.67578125 0.1328125 0.70546875 0.153125 0.71328125 0.1515625 0.73984375 0.16484375 0.7546875
0 0.07109375 0.5125 0.09140625 0.515625 0.1203125 0.49296875 0.115625 0.47265625 0.13203125 0.4671875 0.14453125 0.45 0.16171875 0.459375 0.18359375 0.44375 0.21953125 0.4421875 0.23046875 0.428125 0.27890625 0.4109375 0.2828125 0.39140625 0.25703125 0.390625 0.07421875 0.4296875 0.03671875 0.4296875 0.02734375 0.4375 0.00078125 0.4359375 0.00078125 0.4734375 0.02421875 0.4796875 0.03515625 0.4703125 0.04609375 0.471875 0.07109375 0.5125
0 0.38125 0.39453125 0.39921875 0.415625 0.403125 0.37109375 0.4203125 0.35234375 0.4140625 0.31328125 0.4296875 0.26953125 0.425 0.22578125 0.38359375 0.2109375 0.28515625 0.215625 0.28671875 0.2296875 0.3125 0.23828125 0.31875 0.27734375 0.30703125 0.3046875 0.28359375 0.30625 0.284375 0.32109375 0.32421875 0.35 0.34453125 0.353125 0.37578125 0.34375 0.38125 0.39453125
0 0.575 0.16640625 0.54296875 0.128125 0.49765625 0.125 0.47734375 0.178125 0.4765625 0.19296875 0.48203125 0.1984375 0.51953125 0.2 0.56953125 0.18125 0.575 0.16640625
0 0.2125 0.53203125 0.2328125 0.52421875 0.2328125 0.49765625 0.22265625 0.490625 0.20859375 0.49375 0.19609375 0.4875 0.18203125 0.4953125 0.1828125 0.50546875 0.209375 0.52421875 0.2109375 0.54140625 0.22265625 0.540625 0.2125 0.53203125
0 0.09375 0.57890625 0.0890625 0.54921875 0.07109375 0.5484375 0.05859375 0.5609375 0.06875 0.58046875 0.06875 0.60078125 0.07421875 0.60625 0.08515625 0.6046875 0.09375 0.57890625
0 0.00078125 0.7625 0 0.79921875 0.01171875 0.8109375 0.02421875 0.8125 0.0234375 0.78046875 0.00078125 0.7625
0 0.35390625 0.1453125 0.334375 0.16015625 0.32734375 0.1734375 0.30859375 0.1828125 0.33359375 0.1890625 0.36015625 0.2046875 0.3671875 0.18359375 0.3640625 0.14765625 0.35390625 0.1453125
0 0.43828125 0.096875 0.4421875 0.13203125 0.46484375 0.134375 0.4703125 0.11796875 0.465625 0.10390625 0.43828125 0.096875
0 0.034375 0.31484375 0.0359375 0.30390625 0.02421875 0.2890625 0.00703125 0.29375 0.009375 0.32734375 0.0140625 0.34609375 0.01953125 0.346875 0.0234375 0.31953125 0.034375 0.31484375
0 0.90234375 0.6703125 0.8921875 0.68671875 0.89140625 0.709375 0.89453125 0.7234375 0.91484375 0.728125 0.9328125 0.66953125 0.91328125 0.6625 0.90234375 0.6703125
0 0.89921875 0.7984375 0.88984375 0.80625 0.8984375 0.84765625 0.90546875 0.8515625 0.9125 0.84296875 0.91875 0.81015625 0.89921875 0.7984375
0 0.9 0.88671875 0.86328125 0.8875 0.85390625 0.9078125 0.85703125 0.921875 0.87734375 0.9234375 0.884375 0.90859375 0.9015625 0.89609375 0.9 0.88671875
0 0.7796875 0.02265625 0.79609375 0.0265625 0.8 0.00078125 0.77578125 0 0.7796875 0.02265625