0 0.9390625 0.62109375 0.940625 0.58984375 0.9515625 0.57734375 0.9671875 0.53046875 0.928125 0.48984375 0.91171875 0.4484375 0.87265625 0.4375 0.87109375 0.43125 0.8625 0.43515625 0.86484375 0.4421875 0.85703125 0.4390625 0.84921875 0.4453125 0.84609375 0.4390625 0.84296875 0.4453125 0.83046875 0.4296875 0.8046875 0.42421875 0.81171875 0.409375 0.83515625 0.409375 0.84609375 0.415625 0.8546875 0.41171875 0.853125 0.35546875 0.8359375 0.33359375 0.834375 0.30234375 0.825 0.29140625 0.82578125 0.2828125 0.83046875 0.2875 0.83359375 0.28125 0.85 0.27890625 0.8609375 0.23984375 0.85 0.21171875 0.82421875 0.2078125 0.81484375 0.1984375 0.80625 0.20703125 0.8078125 0.21640625 0.80078125 0.2171875 0.79375 0.20234375 0.7953125 0.18046875 0.80234375 0.16875 0.81171875 0.1703125 0.81484375 0.178125 0.81875 0.16953125 0.79296875 0.15 0.75234375 0.1390625 0.74375 0.14765625 0.740625 0.16640625 0.740625 0.21484375 0.71953125 0.2296875 0.69453125 0.2046875 0.66640625 0.1890625 0.65859375 0.175 0.64609375 0.1859375 0.6234375 0.16171875 0.62265625 0.1515625 0.6046875 0.14453125 0.60859375 0.1390625 0.62109375 0.1390625 0.6234375 0.13046875 0.61875 0.11171875 0.621875 0.09140625 0.60703125 0.0671875 0.57578125 0.0578125 0.53359375 0.0546875 0.50546875 0.059375 0.521875 0.06171875 0.50703125 0.065625 0.50859375 0.0734375 0.50078125 0.0734375 0.49921875 0.065625 0.48515625 0.0734375 0.48515625 0.0671875 0.47734375 0.065625 0.4796875 0.07109375 0.46953125 0.075 0.46640625 0.0671875 0.46328125 0.071875 0.44765625 0.065625 0.44140625 0.06875 0.4375 0.08359375 0.45625 0.10234375 0.4515625 0.12265625 0.459375 0.13046875 0.44296875 0.1421875 0.43359375 0.1328125 0.4265625 0.13359375 0.41875 0.18671875 0.421875 0.21484375 0.4546875 0.23046875 0.4453125 0.23671875 0.4515625 0.24140625 0.453125 0.26328125 0.4453125 0.27265625 0.45078125 0.2796875 0.4546875 0.27421875 0.446875 0.28828125 0.4546875 0.28984375 0.4546875 0.30703125 0.4484375 0.31015625 0.4546875 0.31640625 0.4515625 0.33359375 0.440625 0.34453125 0.4390625 0.36484375 0.4609375 0.36953125 0.4640625 0.39765625 0.47421875 0.4 0.47734375 0.4078125 0.490625 0.40859375 0.4875 0.41953125 0.50859375 0.446875 0.515625 0.44453125 0.515625 0.41640625 0.52890625 0.4140625 0.5375 0.42421875 0.5328125 0.44609375 0.525 0.45234375 0.53828125 0.453125 0.57421875 0.478125 0.584375 0.50859375 0.6234375 0.53359375 0.61484375 0.5515625 0.6078125 0.54921875 0.63125 0.58671875 0.62890625 0.6171875 0.65390625 0.6203125 0.671875 0.58984375 0.6734375 0.56640625 0.71328125 0.534375 0.740625 0.57734375 0.740625 0.62265625 0.76640625 0.6234375 0.78828125 0.634375 0.83203125 0.628125 0.84375 0.68359375 0.86015625 0.6828125 0.86953125 0.665625 0.8890625 0.65859375 0.89296875 0.628125 0.9390625 0.62109375
0 0.6703125 0.09765625 0.68671875 0.1078125 0.709375 0.10859375 0.7234375 0.10546875 0.728125 0.08515625 0.66953125 0.0671875 0.6625 0.08671875 0.6703125 0.09765625
0 0.7984375 0.10234375 0.80625 0.11015625 0.84765625 0.1015625 0.8515625 0.09453125 0.84296875 0.0875 0.81015625 0.08125 0.7984375 0.10234375
0 0.88671875 0.1 0.8875 0.13671875 0.9078125 0.14609375 0.921875 0.14296875 0.9234375 0.12265625 0.90859375 0.115625 0.89609375 0.0984375 0.88671875 0.1
0 0.3703125 0.10859375 0.36484375 0.09375 0.3484375 0.13984375 0.31953125 0.1546875 0.3078125 0.17578125 0.315625 0.20546875 0.325 0.21796875 0.3171875 0.25078125 0.3296875 0.26328125 0.3328125 0.32421875 0.346875 0.34609375 0.3546875 0.40078125 0.3609375 0.39921875 0.3703125 0.33671875 0.3859375 0.32578125 0.3703125 0.27421875 0.3703125 0.10859375
0 0.39453125 0.61875 0.415625 0.60078125 0.37109375 0.596875 0.35234375 0.5796875 0.31328125 0.5859375 0.26953125 0.5703125 0.24296875 0.5765625 0.22734375 0.5734375 0.2109375 0.61640625 0.215625 0.71484375 0.2296875 0.71328125 0.23828125 0.6875 0.27734375 0.68125 0.3046875 0.69296875 0.3078125 0.71640625 0.32109375 0.715625 0.35 0.67578125 0.353125 0.65546875 0.34375 0.62421875 0.39453125 0.61875
0 0.16640625 0.425 0.128125 0.45703125 0.125 0.50234375 0.178125 0.52265625 0.19296875 0.5234375 0.1984375 0.51796875 0.2 0.48046875 0.18125 0.43046875 0.16640625 0.425
0 0.146875 0.64921875 0.1734375 0.67265625 0.1828125 0.69453125 0.1890625 0.66640625 0.2046875 0.63984375 0.18515625 0.6328125 0.14765625 0.6359375 0.146875 0.64921875
0 0.5140625 0.92734375 0.515625 0.90859375 0.49296875 0.8796875 0.47421875 0.884375 0.4671875 0.86796875 0.45 0.85546875 0.459375 0.83828125 0.44375 0.81640625 0.4421875 0.78046875 0.428125 0.76953125 0.4125 0.72265625 0.39140625 0.7171875 0.390625 0.74296875 0.4296875 0.92734375 0.428125 0.95546875 0.4375 0.97265625 0.4359375 0.99921875 0.4734375 0.99921875 0.4796875 0.97578125 0.471875 0.96796875 0.471875 0.95390625 0.5140625 0.92734375
0 0.7546875 0.83671875 0.7578125 0.82421875 0.7296875 0.80703125 0.7375 0.79296875 0.7359375 0.77578125 0.7515625 0.75859375 0.7515625 0.74921875 0.74765625 0.74375 0.73359375 0.746875 0.7234375 0.74140625 0.721875 0.71015625 0.7296875 0.69921875 0.7078125 0.68046875 0.7109375 0.66328125 0.73125 0.64765625 0.73203125 0.6375 0.68828125 0.6328125 0.6828125 0.63984375 0.678125 0.67109375 0.6890625 0.72734375 0.6734375 0.73515625 0.6703125 0.74609375 0.6828125 0.76171875 0.66171875 0.7921875 0.6453125 0.79765625 0.6515625 0.80859375 0.6484375 0.82578125 0.6296875 0.84296875 0.6296875 0.87265625 0.6359375 0.87734375 0.67734375 0.878125 0.70859375 0.865625 0.71328125 0.8484375 0.73984375 0.8484375 0.7546875 0.83671875
0 0.7640625 0.99921875 0.79921875 1 0.8109375 0.98828125 0.8125 0.97578125 0.78046875 0.9765625 0.7640625 0.99921875
0 0.36015625 0.396875 0.3546875 0.40390625 0.353125 0.44296875 0.34375 0.45078125 0.34375 0.46328125 0.353125 0.47578125 0.3484375 0.48984375 0.353125 0.49609375 0.36640625 0.4953125 0.384375 0.47421875 0.3859375 0.40390625 0.37734375 0.3984375 0.36015625 0.396875
0 0.02109375 0.2203125 0.0265625 0.20390625 0.00078125 0.2 0 0.22421875 0.02109375 0.2203125
0 0.3109375 0.09921875 0.3234375 0.09921875 0.3234375 0.05546875 0.30390625 0.05 0.296875 0.08046875 0.3109375 0.09921875