0 0.628125 0.72265625 0.63125 0.86953125 0.63828125 0.8765625 0.65234375 0.85625 0.68125 0.84140625 0.690625 0.81953125 0.6734375 0.78359375 0.68125 0.75078125 0.6671875 0.73828125 0.6703125 0.71796875 0.6640625 0.67421875 0.64921875 0.65 0.634375 0.64921875 0.6125 0.67890625 0.621875 0.69296875 0.628125 0.72265625
0 0.18046875 0.596875 0.1453125 0.59765625 0.146875 0.64609375 0.1640625 0.66640625 0.165625 0.69765625 0.1765625 0.70234375 0.1796875 0.71640625 0.1546875 0.72734375 0.1453125 0.74453125 0.14375 0.76328125 0.19453125 0.7703125 0.2046875 0.77734375 0.209375 0.81953125 0.1953125 0.83828125 0.23515625 0.8578125 0.24765625 0.859375 0.253125 0.85234375 0.25625 0.78984375 0.27109375 0.7671875 0.28203125 0.7671875 0.30234375 0.79375 0.33046875 0.809375 0.35859375 0.8140625 0.396875 0.85234375 0.3953125 0.86328125 0.378125 0.88203125 0.38125 0.91953125 0.39609375 0.9328125 0.42421875 0.9375 0.44140625 0.93125 0.4453125 0.93671875 0.43828125 0.934375 0.43828125 0.9421875 0.44609375 0.940625 0.44765625 0.9328125 0.45859375 0.9328125 0.46328125 0.940625 0.46953125 0.9234375 0.47578125 0.9234375 0.48046875 0.9328125 0.48046875 0.9234375 0.49921875 0.921875 0.5078125 0.92421875 0.4984375 0.93203125 0.5078125 0.93671875 0.50390625 0.940625 0.55234375 0.940625 0.546875 0.92578125 0.55625 0.91796875 0.5359375 0.90546875 0.54375 0.88359375 0.5328125 0.86484375 0.55078125 0.8546875 0.56875 0.85546875 0.5796875 0.81328125 0.5765625 0.78359375 0.56328125 0.7875 0.5421875 0.76484375 0.5421875 0.66171875 0.5578125 0.65390625 0.559375 0.63828125 0.53671875 0.6328125 0.52890625 0.6078125 0.51171875 0.609375 0.47578125 0.628125 0.4484375 0.61484375 0.4484375 0.58671875 0.4609375 0.57109375 0.4578125 0.55078125 0.44921875 0.5375 0.4171875 0.51484375 0.4140625 0.49296875 0.3734375 0.46640625 0.378125 0.44140625 0.3671875 0.41484375 0.36484375 0.3828125 0.34375 0.38359375 0.340625 0.39296875 0.3265625 0.40234375 0.321875 0.41484375 0.325 0.43359375 0.28359375 0.4671875 0.265625 0.44296875 0.25625 0.41796875 0.2578125 0.37890625 0.23046875 0.3765625 0.20390625 0.365625 0.17734375 0.375 0.16484375 0.371875 0.1578125 0.32265625 0.15078125 0.315625 0.1421875 0.31640625 0.12734375 0.3359375 0.1109375 0.34296875 0.10703125 0.3734375 0.0609375 0.38046875 0.059375 0.41171875 0.046875 0.42578125 0.034375 0.46640625 0.0734375 0.51328125 0.08515625 0.5484375 0.12734375 0.559375 0.14921875 0.5390625 0.15859375 0.5390625 0.1640625 0.56015625 0.17265625 0.56875 0.19140625 0.5703125 0.2015625 0.57890625 0.19921875 0.5875 0.18046875 0.596875
0 0.6375 0.50234375 0.6140625 0.52421875 0.6125 0.59609375 0.62890625 0.603125 0.64375 0.59765625 0.6453125 0.55703125 0.65625 0.54453125 0.6453125 0.52578125 0.65 0.51015625 0.6375 0.50234375
0 0.8609375 0.54921875 0.8703125 0.51171875 0.8625 0.47890625 0.85 0.47734375 0.8234375 0.48828125 0.8234375 0.52109375 0.84296875 0.575 0.8609375 0.54921875
0 0.70625 0.28984375 0.69375 0.28046875 0.684375 0.28828125 0.684375 0.30859375 0.65859375 0.31875 0.61953125 0.3140625 0.61171875 0.296875 0.5984375 0.29921875 0.590625 0.38359375 0.60703125 0.4234375 0.65234375 0.428125 0.68203125 0.415625 0.73203125 0.41875 0.74921875 0.403125 0.796875 0.39921875 0.77421875 0.38125 0.7234375 0.37578125 0.73125 0.35546875 0.73125 0.33203125 0.70625 0.28984375
0 0.58125 0.00078125 0.54375 0.00078125 0.546875 0.02734375 0.5375 0.03828125 0.5359375 0.08828125 0.496875 0.27109375 0.49765625 0.3 0.515625 0.28671875 0.53125 0.26015625 0.5375 0.22890625 0.55 0.22265625 0.553125 0.18203125 0.56875 0.16328125 0.559375 0.14453125 0.58359375 0.11875 0.60234375 0.1203125 0.6234375 0.09140625 0.621875 0.07109375 0.58125 0.04765625 0.58125 0.00078125
0 0.265625 0.36015625 0.28828125 0.365625 0.3140625 0.36328125 0.3203125 0.33046875 0.3109375 0.26953125 0.328125 0.25859375 0.315625 0.23671875 0.33671875 0.2078125 0.353125 0.20390625 0.346875 0.18359375 0.3515625 0.17109375 0.36875 0.15703125 0.36640625 0.125 0.3203125 0.12265625 0.29296875 0.1328125 0.28203125 0.1515625 0.25859375 0.1515625 0.2421875 0.16953125 0.24453125 0.1796875 0.26171875 0.184375 0.26875 0.19453125 0.259375 0.20859375 0.2625 0.22578125 0.246875 0.24765625 0.25078125 0.2546875 0.26484375 0.253125 0.275 0.26015625 0.2765625 0.28984375 0.26875 0.30078125 0.290625 0.32109375 0.2875 0.33671875 0.265625 0.36015625
0 0.6140625 0.19453125 0.5984375 0.22265625 0.61640625 0.2359375 0.6265625 0.23203125 0.6265625 0.20546875 0.62109375 0.19375 0.6140625 0.19453125
0 0.6921875 0.00703125 0.67265625 0.009375 0.6640625 0.01640625 0.66953125 0.0234375 0.67890625 0.0234375 0.68359375 0.034375 0.69609375 0.0359375 0.709375 0.01796875 0.70390625 0.00625 0.6921875 0.00703125
0 0.0796875 0.85390625 0.075 0.87734375 0.08984375 0.884375 0.10234375 0.9015625 0.11171875 0.9 0.109375 0.86015625 0.0796875 0.85390625
0 0.18984375 0.91875 0.2 0.89609375 0.1828125 0.88984375 0.14921875 0.8984375 0.146875 0.90703125 0.18984375 0.91875
0 0.025 0.76953125 0.0078125 0.79140625 0.0125 0.80703125 0.02265625 0.815625 0.028125 0.81484375 0.0296875 0.80546875 0.025 0.76953125
0 0.02265625 0.8921875 0.028125 0.87109375 0.0140625 0.86796875 0.00625 0.88203125 0.02265625 0.8921875
0 0.7 0.91640625 0.68828125 0.9015625 0.678125 0.90078125 0.675 0.94140625 0.69609375 0.9484375 0.7 0.91640625
0 1 0.77421875 0.9953125 0.77421875 0.975 0.78046875 0.97265625 0.8 1 0.80234375 1 0.77421875