0 0.64609375 0.853125 0.66328125 0.8375 0.69453125 0.8359375 0.70234375 0.8234375 0.71640625 0.8203125 0.72890625 0.846875 0.76328125 0.85625 0.77578125 0.796875 0.81953125 0.790625 0.83984375 0.8046875 0.85625 0.77265625 0.85546875 0.7484375 0.83046875 0.7421875 0.78984375 0.74375 0.77578125 0.7375 0.7671875 0.72421875 0.7671875 0.71796875 0.796875 0.69296875 0.809375 0.66953125 0.8140625 0.64140625 0.85234375 0.6015625 0.86328125 0.603125 0.87734375 0.6203125 0.91328125 0.6203125 0.9328125 0.60390625 0.9375 0.57890625 0.9328125 0.56484375 0.940625 0.56171875 0.940625 0.55390625 0.93125 0.54921875 0.940625 0.53828125 0.9328125 0.52890625 0.93359375 0.51875 0.9234375 0.53046875 0.9203125 0.51015625 0.92578125 0.4796875 0.9296875 0.49921875 0.940625 0.50078125 0.940625 0.44609375 0.93515625 0.4484375 0.92890625 0.4421875 0.92578125 0.45 0.92109375 0.4421875 0.90546875 0.4640625 0.88515625 0.4546875 0.86484375 0.4671875 0.85625 0.45390625 0.85546875 0.43125 0.81328125 0.4203125 0.78515625 0.4234375 0.7875 0.43671875 0.76640625 0.4578125 0.66171875 0.4578125 0.65546875 0.44375 0.63828125 0.440625 0.6328125 0.46328125 0.6078125 0.47109375 0.609375 0.48828125 0.628125 0.52109375 0.625 0.53828125 0.61328125 0.5515625 0.58671875 0.5515625 0.57109375 0.5390625 0.54921875 0.5421875 0.51484375 0.5828125 0.4859375 0.59296875 0.46640625 0.6265625 0.43828125 0.621875 0.41484375 0.6328125 0.3828125 0.63515625 0.38125 0.65234375 0.40390625 0.675 0.41171875 0.6796875 0.42109375 0.6734375 0.43359375 0.6765625 0.4671875 0.71484375 0.44140625 0.7359375 0.41796875 0.74375 0.37734375 0.74375 0.3765625 0.76953125 0.365625 0.79296875 0.375 0.82265625 0.371875 0.83515625 0.32265625 0.8421875 0.31640625 0.8578125 0.3359375 0.87265625 0.34140625 0.8890625 0.3734375 0.89453125 0.38203125 0.940625 0.41015625 0.940625 0.42578125 0.953125 0.46796875 0.965625 0.51328125 0.9265625 0.55 0.91328125 0.559375 0.87265625 0.5390625 0.85078125 0.5390625 0.84296875 0.56875 0.82890625 0.5703125 0.80859375 0.57890625 0.7984375 0.5953125 0.81640625 0.59765625 0.8546875 0.64609375 0.853125
0 0.78203125 0.3265625 0.74921875 0.31875 0.73828125 0.3296875 0.67578125 0.334375 0.63984375 0.35 0.56171875 0.3546875 0.54296875 0.34375 0.52734375 0.353125 0.50546875 0.353125 0.50390625 0.365625 0.51640625 0.3828125 0.52578125 0.3859375 0.59609375 0.3875 0.603125 0.36796875 0.61015625 0.3640625 0.66015625 0.371875 0.67734375 0.3890625 0.69296875 0.3796875 0.72890625 0.371875 0.75390625 0.375 0.77421875 0.3671875 0.88984375 0.371875 0.9015625 0.36484375 0.86796875 0.35625 0.8578125 0.34921875 0.83984375 0.3171875 0.81796875 0.309375 0.78203125 0.3265625
0 0.54921875 0.1390625 0.51171875 0.1296875 0.47890625 0.1375 0.47734375 0.15 0.48828125 0.1765625 0.52109375 0.1765625 0.575 0.15703125 0.54921875 0.1390625
0 0.28046875 0.3046875 0.28828125 0.315625 0.30859375 0.315625 0.31875 0.34140625 0.3140625 0.38046875 0.296875 0.38828125 0.29921875 0.4015625 0.38046875 0.409375 0.421875 0.39453125 0.428125 0.34765625 0.4140625 0.30703125 0.41875 0.26953125 0.4015625 0.25234375 0.39921875 0.203125 0.38125 0.22734375 0.37578125 0.2765625 0.35390625 0.26875 0.32734375 0.2703125 0.28046875 0.3046875
0 0.365625 0.71015625 0.36328125 0.6859375 0.33046875 0.6796875 0.26953125 0.6890625 0.25859375 0.671875 0.23671875 0.684375 0.21015625 0.665625 0.20078125 0.6484375 0.19453125 0.653125 0.17265625 0.65 0.15703125 0.63125 0.125 0.63359375 0.12265625 0.6796875 0.1328125 0.70703125 0.1515625 0.71640625 0.1515625 0.74140625 0.17109375 0.7578125 0.18125 0.75234375 0.19140625 0.73125 0.21015625 0.740625 0.22265625 0.7359375 0.24765625 0.753125 0.2546875 0.74921875 0.2515625 0.73828125 0.25859375 0.725 0.28984375 0.7234375 0.30078125 0.73125 0.32109375 0.709375 0.33671875 0.7125 0.36015625 0.734375 0.365625 0.71015625
0 0.22421875 0.4015625 0.234375 0.39296875 0.2359375 0.38046875 0.23203125 0.3734375 0.19921875 0.3734375 0.18125 0.38203125 0.18046875 0.39375 0.19453125 0.403125 0.22421875 0.4015625
0 0.3671875 0.15703125 0.36015625 0.1359375 0.33828125 0.15 0.32578125 0.1671875 0.34609375 0.19375 0.35546875 0.2 0.3640625 0.19609375 0.3671875 0.15703125
0 0.91171875 0.6640625 0.9 0.67421875 0.8921875 0.68828125 0.88984375 0.71875 0.90859375 0.73125 0.91875 0.72734375 0.93203125 0.6703125 0.91171875 0.6640625
0 0.91875 0.81015625 0.89609375 0.8 0.88984375 0.8171875 0.8984375 0.85078125 0.90703125 0.853125 0.91875 0.81015625
0 0.85390625 0.9203125 0.87734375 0.925 0.884375 0.91015625 0.9015625 0.89765625 0.9 0.88671875 0.86015625 0.890625 0.85390625 0.9203125
0 0.8921875 0.97734375 0.87109375 0.971875 0.86796875 0.9859375 0.88203125 0.99375 0.8921875 0.97734375
0 0.76953125 0.975 0.79140625 0.9921875 0.80703125 0.9875 0.815625 0.97734375 0.81484375 0.971875 0.80390625 0.9703125 0.76953125 0.975
0 0.91640625 0.3 0.9015625 0.31171875 0.90078125 0.321875 0.94140625 0.325 0.9484375 0.30390625 0.91640625 0.3