0 0.8890625 0.68359375 0.8953125 0.66484375 0.84921875 0.6671875 0.84765625 0.671875 0.86640625 0.675 0.8703125 0.68515625 0.82109375 0.703125 0.79921875 0.6875 0.76796875 0.678125 0.75234375 0.646875 0.66953125 0.6515625 0.67109375 0.659375 0.66171875 0.6546875 0.66328125 0.659375 0.64453125 0.6609375 0.6375 0.68671875 0.640625 0.72109375 0.63125 0.74609375 0.61484375 0.7546875 0.58984375 0.7515625 0.58125 0.75859375 0.58203125 0.821875 0.58828125 0.83125 0.61484375 0.809375 0.63046875 0.8390625 0.640625 0.82890625 0.65703125 0.7859375 0.67421875 0.809375 0.69296875 0.803125 0.71484375 0.8140625 0.73984375 0.8015625 0.76796875 0.803125 0.78671875 0.7671875 0.80546875 0.7828125 0.82890625 0.7875 0.83671875 0.7875 0.85390625 0.7703125 0.89609375 0.7671875 0.8890625 0.72265625 0.8890625 0.68359375
0 0.67890625 1 0.6921875 0.96328125 0.67109375 0.9484375 0.65078125 0.9484375 0.64296875 1 0.67890625 1
0 0.05390625 0.984375 0.09140625 0.978125 0.1015625 0.95546875 0.0953125 0.92265625 0.06484375 0.909375 0.040625 0.94921875 0.03828125 0.965625 0.0453125 0.98046875 0.05390625 0.984375
0 0.90546875 0.6453125 0.91015625 0.6578125 0.9203125 0.65703125 0.91875 0.61953125 0.91171875 0.609375 0.89296875 0.6 0.87578125 0.6171875 0.88359375 0.6421875 0.90546875 0.6453125
0 0.9421875 0.63984375 0.95625 0.60234375 0.93828125 0.584375 0.92109375 0.590625 0.91171875 0.60625 0.91875 0.61953125 0.9234375 0.66328125 0.9375 0.69609375 0.94453125 0.7 0.953125 0.69453125 0.9609375 0.66796875 0.9421875 0.63984375
0 1 0.61640625 0.99921875 0.59375 0.97578125 0.5984375 0.98984375 0.61875 1 0.61640625
0 0.96015625 0.546875 0.9703125 0.57734375 0.99140625 0.578125 0.99609375 0.5859375 1 0.52265625 0.96484375 0.5296875 0.96015625 0.546875
0 0.98203125 0.6703125 0.96484375 0.66875 0.9578125 0.67734375 0.95234375 0.73125 0.96484375 0.753125 0.984375 0.74765625 0.9875 0.68046875 0.98203125 0.6703125
0 0.99921875 1 1 0.42734375 0.97109375 0.4390625 0.971875 0.44765625 0.95390625 0.4671875 0.875 0.48671875 0.875 0.49765625 0.8640625 0.50390625 0.8515625 0.53515625 0.8515625 0.57265625 0.82578125 0.621875 0.81171875 0.6203125 0.80703125 0.6265625 0.80234375 0.61875 0.79921875 0.625 0.78671875 0.61875 0.77890625 0.621875 0.7796875 0.61640625 0.76953125 0.6109375 0.75859375 0.6109375 0.75234375 0.61875 0.75234375 0.6109375 0.72421875 0.6140625 0.68828125 0.603125 0.68359375 0.6109375 0.640625 0.62734375 0.6390625 0.63984375 0.65546875 0.64375 0.74453125 0.6453125 0.75703125 0.6359375 0.753125 0.63984375 0.7625 0.64609375 0.765625 0.67421875 0.771875 0.67890625 0.765625 0.68671875 0.77109375 0.6890625 0.77578125 0.6828125 0.77890625 0.69375 0.79140625 0.684375 0.82421875 0.690625 0.82265625 0.6953125 0.83046875 0.6890625 0.84140625 0.696875 0.86015625 0.6921875 0.859375 0.66640625 0.85390625 0.66875 0.8453125 0.66171875 0.84609375 0.65 0.84921875 0.6625 0.8609375 0.66015625 0.85546875 0.653125 0.86171875 0.653125 0.86484375 0.6609375 0.88046875 0.6625 0.88046875 0.6765625 0.89296875 0.66875 0.8953125 0.67578125 0.88671875 0.6859375 0.88203125 0.68125 0.8765625 0.68515625 0.87421875 0.671875 0.8640625 0.67578125 0.8625 0.68984375 0.871875 0.69140625 0.87109375 0.7015625 0.86640625 0.6953125 0.86171875 0.7015625 0.85859375 0.696875 0.84296875 0.7015625 0.83984375 0.7171875 0.83515625 0.7046875 0.8296875 0.71015625 0.83203125 0.7265625 0.83828125 0.71875 0.84140625 0.725 0.84765625 0.7203125 0.84375 0.72578125 0.85 0.72890625 0.8484375 0.74765625 0.84140625 0.74375 0.8328125 0.74921875 0.840625 0.75390625 0.83125 0.75703125 0.840625 0.76328125 0.83125 0.76640625 0.85625 0.76953125 0.83828125 0.7890625 0.83359375 0.7796875 0.81484375 0.78125 0.81015625 0.775 0.80234375 0.78125 0.7984375 0.77578125 0.8078125 0.77265625 0.79453125 0.7640625 0.78125 0.77734375 0.77578125 0.796875 0.77109375 0.78125 0.76484375 0.796875 0.68828125 0.796875 0.67421875 0.79375 0.66640625 0.7796875 0.65625 0.78515625 0.64921875 0.803125 0.6484375 0.78046875 0.6390625 0.77265625 0.64140625 0.765625 0.6484375 0.76640625 0.64609375 0.759375 0.640625 0.76328125 0.640625 0.73671875 0.646875 0.73671875 0.646875 0.72265625 0.65625 0.71796875 0.6546875 0.70546875 0.64921875 0.709375 0.64609375 0.7 0.6453125 0.72578125 0.628125 0.75390625 0.60703125 0.7578125 0.60234375 0.7640625 0.59921875 0.759375 0.59453125 0.7625 0.59140625 0.753125 0.58125 0.76484375 0.5890625 0.76953125 0.58125 0.78203125 0.5890625 0.78515625 0.5796875 0.79609375 0.5796875 0.81171875 0.5890625 0.81640625 0.584375 0.81953125 0.5890625 0.82578125 0.5828125 0.82421875 0.5875 0.83203125 0.5796875 0.83671875 0.57421875 0.8625 0.56796875 0.8578125 0.55546875 0.8609375 0.55078125 0.8546875 0.54765625 0.88125 0.54453125 0.859375 0.53828125 0.8609375 0.52890625 0.8515625 0.51640625 0.853125 0.503125 0.86171875 0.49296875 0.88125 0.48359375 0.8765625 0.503125 0.85546875 0.4984375 0.85078125 0.50078125 0.828125 0.50625 0.85234375 0.5078125 0.82734375 0.49609375 0.815625 0.496875 0.85546875 0.49296875 0.8609375 0.484375 0.85546875 0.4890625 0.86328125 0.48125 0.86484375 0.48125 0.87734375 0.475 0.88359375 0.47890625 0.8921875 0.4859375 0.89296875 0.4859375 0.91171875 0.4828125 0.92265625 0.46953125 0.9234375 0.459375 0.94140625 0.465625 0.95703125 0.45078125 0.9453125 0.44609375 0.96875 0.44453125 0.940625 0.43125 0.96484375 0.42734375 0.9578125 0.421875 0.96484375 0.42265625 0.975 0.41015625 0.971875 0.39921875 0.9796875 0.38671875 0.9796875 0.38359375 0.9859375 0.37265625 0.9734375 0.33203125 0.971875 0.33203125 0.9984375 0.42734375 1 0.43046875 0.9671875 0.43359375 1 0.4453125 0.99921875 0.44609375 0.9703125 0.45234375 1 0.46171875 0.99375 0.46328125 1 0.99921875 1
0 0.52890625 0.553125 0.5171875 0.55390625 0.51328125 0.5859375 0.49921875 0.5859375 0.48828125 0.578125 0.46875 0.58359375 0.46171875 0.6453125 0.46953125 0.6640625 0.51171875 0.6890625 0.5171875 0.68671875 0.5234375 0.64453125 0.55 0.60234375 0.52890625 0.553125
0 0.58671875 0.75 0.61953125 0.7515625 0.63125 0.74296875 0.640625 0.71640625 0.6296875 0.66171875 0.6390625 0.61796875 0.621875 0.58828125 0.62890625 0.578125 0.6375 0.57734375 0.634375 0.56484375 0.64453125 0.5625 0.6453125 0.55703125 0.63125 0.53984375 0.62421875 0.51875 0.615625 0.52265625 0.61484375 0.53125 0.61171875 0.5109375 0.60703125 0.51875 0.584375 0.51328125 0.57578125 0.478125 0.57109375 0.4875 0.55546875 0.484375 0.53828125 0.490625 0.53203125 0.51875 0.5328125 0.49140625 0.52578125 0.4828125 0.51015625 0.4796875 0.5015625 0.48828125 0.50078125 0.5046875 0.49765625 0.4828125 0.48828125 0.4859375 0.47578125 0.4796875 0.4640625 0.48671875 0.475 0.50078125 0.475 0.54609375 0.48203125 0.546875 0.484375 0.53359375 0.49296875 0.528125 0.4953125 0.53671875 0.4875 0.53671875 0.4875 0.55078125 0.4765625 0.56484375 0.4859375 0.57734375 0.46953125 0.5796875 0.465625 0.58828125 0.459375 0.63203125 0.4640625 0.66484375 0.45 0.71171875 0.4515625 0.72109375 0.4609375 0.72734375 0.44765625 0.728125 0.44296875 0.74375 0.4484375 0.74765625 0.44921875 0.7625 0.45390625 0.7453125 0.45625 0.75703125 0.4671875 0.76015625 0.46640625 0.765625 0.45625 0.76796875 0.46171875 0.778125 0.471875 0.77265625 0.475 0.75234375 0.4859375 0.74609375 0.48125 0.77890625 0.4890625 0.80703125 0.52890625 0.83125 0.53203125 0.8140625 0.5765625 0.81328125 0.57578125 0.74375 0.58671875 0.75
0 0.10546875 1 0.1421875 0.94609375 0.140625 0.92109375 0.13203125 0.915625 0.08515625 0.921875 0.06484375 0.9140625 0.040625 0.95234375 0.03828125 0.978125 0.05078125 0.9859375 0.08359375 0.9859375 0.09453125 1 0.10546875 1
0 0.1578125 0.96953125 0.15 0.97265625 0.15390625 0.978125 0.1421875 0.98203125 0.15625 0.98515625 0.12890625 0.9859375 0.121875 0.98984375 0.1265625 0.99296875 0.12265625 0.9984375 0.27734375 1 0.2734375 0.94140625 0.2625 0.93828125 0.265625 0.89609375 0.25390625 0.89375 0.2484375 0.89921875 0.2609375 0.91171875 0.25625 0.91796875 0.259375 0.94296875 0.24921875 0.9546875 0.240625 0.95078125 0.24609375 0.959375 0.23515625 0.9625 0.22421875 0.953125 0.14453125 0.9546875 0.1390625 0.95703125 0.140625 0.96484375 0.1578125 0.96953125
0 0.140625 0.81171875 0.14453125 0.8140625 0.15078125 0.8046875 0.15546875 0.815625 0.16796875 0.815625 0.17265625 0.8375 0.18203125 0.828125 0.18828125 0.8328125 0.21328125 0.8296875 0.23125 0.81328125 0.2375 0.79296875 0.26640625 0.7609375 0.2859375 0.74921875 0.2859375 0.73984375 0.2734375 0.73671875 0.2796875 0.70234375 0.2703125 0.66015625 0.259375 0.65546875 0.25390625 0.634375 0.2453125 0.64296875 0.2390625 0.60703125 0.26796875 0.5796875 0.30390625 0.5703125 0.31796875 0.55625 0.340625 0.55703125 0.3453125 0.54609375 0.340625 0.52578125 0.35 0.49140625 0.34453125 0.4703125 0.33359375 0.4609375 0.30859375 0.4578125 0.296875 0.43671875 0.28515625 0.43125 0.265625 0.44765625 0.26171875 0.4703125 0.25078125 0.465625 0.23828125 0.4765625 0.21953125 0.478125 0.17265625 0.49375 0.15703125 0.50625 0.12890625 0.5109375 0.09765625 0.5546875 0.06328125 0.571875 0.0453125 0.59140625 0.02578125 0.625 0 0.63203125 0.00078125 0.8296875 0.00703125 0.8234375 0.01484375 0.828125 0.02265625 0.8140625 0.03046875 0.8140625 0.0328125 0.82890625 0.03984375 0.8296875 0.04375 0.81328125 0.05390625 0.8125 0.053125 0.84609375 0.05859375 0.859375 0.0609375 0.80078125 0.0453125 0.80234375 0.04609375 0.784375 0.05546875 0.7953125 0.06640625 0.7953125 0.06796875 0.784375 0.13671875 0.784375 0.140625 0.81171875
0 0.50859375 0.8546875 0.52578125 0.846875 0.54765625 0.8546875 0.575 0.85234375 0.571875 0.63671875 0.56015625 0.625 0.5375 0.62421875 0.546875 0.61640625 0.546875 0.59140625 0.52734375 0.5578125 0.51171875 0.5859375 0.49609375 0.5859375 0.48046875 0.5765625 0.4671875 0.58359375 0.459375 0.62890625 0.4640625 0.66484375 0.4546875 0.68203125 0.45 0.71796875 0.44296875 0.725 0.43046875 0.728125 0.42578125 0.721875 0.42265625 0.7265625 0.4140625 0.72109375 0.41171875 0.70625 0.40625 0.71796875 0.4046875 0.70078125 0.3984375 0.69765625 0.40625 0.69609375 0.40703125 0.6828125 0.4203125 0.68046875 0.421875 0.66953125 0.41953125 0.65625 0.41484375 0.66875 0.40625 0.64921875 0.3984375 0.65078125 0.378125 0.71015625 0.35625 0.73828125 0.35390625 0.7828125 0.371875 0.83515625 0.39609375 0.8640625 0.4109375 0.86015625 0.4078125 0.85546875 0.4203125 0.81796875 0.43984375 0.8015625 0.46171875 0.7953125 0.471875 0.81484375 0.453125 0.84140625 0.4671875 0.84765625 0.4515625 0.85859375 0.459375 0.86640625 0.45 0.87890625 0.45859375 0.8859375 0.47265625 0.8859375 0.47421875 0.875 0.48984375 0.8796875 0.50859375 0.8546875
0 0.20546875 0.73125 0.2109375 0.76484375 0.22734375 0.7703125 0.240625 0.75078125 0.2390625 0.73984375 0.21484375 0.715625 0.20546875 0.73125