0 0.7890625 0.35703125 0.8015625 0.32890625 0.8609375 0.25390625 0.82578125 0.271875 0.77265625 0.2859375 0.73359375 0.275 0.715625 0.26171875 0.7 0.23984375 0.690625 0.18828125 0.696875 0.15390625 0.721875 0.11328125 0.72109375 0.1015625 0.684375 0.13359375 0.646875 0.19921875 0.61796875 0.2296875 0.58046875 0.2484375 0.52578125 0.253125 0.5140625 0.26328125 0.4828125 0.37421875 0.4796875 0.43203125 0.4671875 0.43671875 0.45625 0.47421875 0.4125 0.56796875 0.38671875 0.60625 0.35234375 0.615625 0.33671875 0.634375 0.29140625 0.653125 0.24375 0.69296875 0.228125 0.71640625 0.22109375 0.790625 0.2359375 0.83984375 0.27421875 0.8828125 0.32109375 0.90625 0.37734375 0.9078125 0.41171875 0.896875 0.4578125 0.86015625 0.475 0.79296875 0.4703125 0.78515625 0.4984375 0.72734375 0.4921875 0.70390625 0.4953125 0.69296875 0.56015625 0.6296875 0.7984375 0.45859375 0.8 0.44453125 0.7875 0.40859375 0.7890625 0.35703125
0 0.528125 0.44921875 0.54375 0.43671875 0.55 0.40078125 0.5484375 0.38671875 0.53671875 0.375 0.4859375 0.36796875 0.4796875 0.43046875 0.4640625 0.44140625 0.46015625 0.46875 0.49453125 0.465625 0.50703125 0.471875 0.5265625 0.46171875 0.528125 0.44921875
0 0.79609375 0.465625 0.803125 0.45703125 0.8 0.43984375 0.79453125 0.4359375 0.75234375 0.453125 0.74921875 0.475 0.76171875 0.484375 0.79609375 0.465625
0 0.32734375 0.8609375 0.33671875 0.871875 0.37109375 0.865625 0.378125 0.87265625 0.38125 0.88828125 0.3671875 0.90390625 0.37265625 0.9078125 0.41171875 0.896875 0.459375 0.86015625 0.478125 0.79765625 0.475 0.77734375 0.45546875 0.8234375 0.41796875 0.81875 0.38828125 0.8453125 0.35703125 0.8546875 0.33046875 0.853125 0.32734375 0.8609375
0 0.3953125 0.83828125 0.4109375 0.81015625 0.40625 0.75703125 0.37890625 0.725 0.35390625 0.7140625 0.32890625 0.7140625 0.30390625 0.728125 0.278125 0.75703125 0.27578125 0.775 0.2859375 0.81953125 0.32421875 0.853125 0.38359375 0.846875 0.3953125 0.83828125
0 0.56015625 0.840625 0.49453125 0.8328125 0.47578125 0.8359375 0.4625 0.86171875 0.44296875 0.88125 0.39921875 0.9046875 0.33359375 0.9109375 0.28203125 0.890625 0.2359375 0.84765625 0.22265625 0.8265625 0.00078125 0.8328125 0.00078125 0.940625 0.01171875 0.9390625 0.01953125 0.946875 0.02265625 0.9390625 0.03203125 0.9484375 0.03828125 0.940625 0.04453125 0.95 0.22734375 0.9515625 0.33515625 0.9625 0.56484375 0.9578125 0.66328125 0.9671875 0.83203125 0.971875 0.8484375 0.96640625 0.8515625 0.89765625 0.846875 0.85546875 0.83359375 0.84375 0.56015625 0.840625
0 0.84921875 0.859375 0.85390625 0.9796875 0.91484375 0.9921875 1 0.98984375 0.99765625 0.8375 0.96015625 0.8296875 0.85859375 0.834375 0.85 0.83984375 0.84921875 0.859375
0 0.8796875 0.90703125 0.88671875 0.925 0.89921875 0.9328125 0.934375 0.92578125 0.928125 0.86015625 0.91484375 0.8375 0.88671875 0.8328125 0.86796875 0.84375 0.85234375 0.8640625 0.85390625 0.8703125 0.8734375 0.87265625 0.8828125 0.89140625 0.8796875 0.90703125
0 0.18359375 0.3046875 0.16953125 0.3046875 0.1671875 0.32265625 0.1484375 0.33671875 0.14609375 0.353125 0.15234375 0.375 0.17109375 0.38125 0.19296875 0.375 0.1984375 0.36640625 0.2 0.31640625 0.18359375 0.3046875
0 0.2546875 0.26640625 0.25859375 0.2578125 0.2625 0.26015625 0.26328125 0.246875 0.27109375 0.246875 0.2671875 0.25234375 0.28515625 0.2609375 0.2859375 0.25078125 0.2796875 0.24765625 0.28515625 0.24375 0.16328125 0.240625 0.14453125 0.2453125 0.1015625 0.28203125 0.09375 0.31796875 0.09453125 0.3609375 0.096875 0.38359375 0.1109375 0.41015625 0.14140625 0.43125 0.20546875 0.4328125 0.25859375 0.403125 0.38203125 0.4296875 0.42265625 0.43125 0.45234375 0.425 0.4703125 0.40703125 0.484375 0.33359375 0.4734375 0.28828125 0.45234375 0.2640625 0.44296875 0.2609375 0.40703125 0.259375 0.27734375 0.2765625 0.2546875 0.26640625
0 0.2953125 0.58515625 0.26171875 0.5671875 0.24140625 0.5375 0.22421875 0.5515625 0.20546875 0.5578125 0.19453125 0.553125 0.1734375 0.52734375 0.171875 0.50703125 0.1796875 0.48515625 0.14453125 0.4671875 0.13984375 0.6046875 0.28828125 0.609375 0.2953125 0.60390625 0.2953125 0.58515625
0 0.22109375 0.23125 0.23359375 0.234375 0.2453125 0.21796875 0.25 0.10703125 0.240625 0.06015625 0.2484375 0.05078125 0.2484375 0.03046875 0.2296875 0.02421875 0.22421875 0.0015625 0.1125 0.00546875 0.11015625 0.2203125 0.15859375 0.225 0.20390625 0.2140625 0.22109375 0.23125