0 0.5453125 0.13671875 0.5359375 0.14609375 0.521875 0.20546875 0.528125 0.21484375 0.5 0.26953125 0.5046875 0.30390625 0.43046875 0.3765625 0.41015625 0.3859375 0.2 0.54140625 0.2125 0.60703125 0.209375 0.64296875 0.196875 0.67109375 0.1375 0.74765625 0.18046875 0.725 0.21953125 0.715625 0.26015625 0.7234375 0.2859375 0.74296875 0.3015625 0.76796875 0.3078125 0.81953125 0.3015625 0.84765625 0.278125 0.88515625 0.27890625 0.8984375 0.3171875 0.86328125 0.35 0.80390625 0.38671875 0.765625 0.41953125 0.7515625 0.47265625 0.746875 0.48125 0.74140625 0.4921875 0.71796875 0.5421875 0.52890625 0.5875 0.43046875 0.60859375 0.396875 0.63828125 0.3890625 0.66328125 0.3640625 0.70234375 0.35 0.759375 0.30078125 0.771875 0.26640625 0.77265625 0.20625 0.7671875 0.16328125 0.7484375 0.13984375 0.7515625 0.13203125 0.73515625 0.128125 0.72578125 0.115625 0.69609375 0.1 0.66640625 0.09375 0.61484375 0.09375 0.58046875 0.1 0.5828125 0.10546875 0.56640625 0.115625 0.54765625 0.1140625 0.5578125 0.12109375 0.54921875 0.1296875 0.54375 0.12890625 0.54296875 0.1171875 0.540625 0.12109375 0.5453125 0.13671875
0 0.15 0.91328125 0.1515625 0.96328125 0.16328125 0.9703125 0.20703125 0.9703125 0.40859375 0.9578125 0.67578125 0.9609375 0.79921875 0.95 0.99921875 0.95 0.99921875 0.83125 0.78359375 0.825 0.775 0.83515625 0.77421875 0.90625 0.16171875 0.9078125 0.15 0.91328125
0 0.12890625 0.984375 0.1484375 0.97578125 0.14921875 0.9609375 0.146875 0.91328125 0.1203125 0.90546875 0.11796875 0.83125 0.03828125 0.828125 0 0.83828125 0.00234375 0.990625 0.05546875 0.9921875 0.12890625 0.984375
0 0.54765625 0.590625 0.525 0.61796875 0.5140625 0.65234375 0.5140625 0.69921875 0.5234375 0.72734375 0.54765625 0.753125 0.58984375 0.7609375 0.70703125 0.7375 0.74921875 0.721875 0.76953125 0.721875 0.77265625 0.6125 0.76015625 0.6 0.71328125 0.60625 0.59765625 0.5875 0.54765625 0.590625
0 0.86953125 0.4171875 0.9015625 0.38203125 0.90703125 0.3375 0.903125 0.28828125 0.87265625 0.2484375 0.84453125 0.2375 0.7796875 0.24296875 0.7765625 0.41796875 0.78203125 0.4296875 0.83515625 0.4296875 0.86953125 0.4171875
0 0.77578125 0 0.76875 0.02265625 0.7515625 0.03046875 0.7515625 0.04921875 0.7609375 0.06015625 0.7546875 0.08515625 0.77265625 0.0890625 0.7765625 0.09765625 0.7765625 0.21796875 0.78359375 0.221875 0.79296875 0.2140625 0.80859375 0.2125 0.84140625 0.2234375 0.88046875 0.2234375 0.890625 0.21796875 0.88984375 0.1984375 0.884375 0.00703125 0.87734375 0 0.77578125 0
0 0.19296875 0.15625 0.41015625 0.159375 0.51640625 0.1671875 0.5265625 0.16171875 0.5359375 0.13828125 0.55078125 0.1234375 0.59296875 0.09375 0.13046875 0.0921875 0.1234375 0.10390625 0.125 0.16796875 0.13046875 0.1703125 0.13515625 0.159375 0.19296875 0.15625
0 0.75 0.45703125 0.75859375 0.4609375 0.775 0.44296875 0.77421875 0.39375 0.70703125 0.3921875 0.703125 0.41171875 0.73828125 0.434375 0.75 0.45703125
0 0.828125 0.50390625 0.821875 0.53671875 0.79921875 0.55625 0.7765625 0.55078125 0.775 0.60078125 0.77890625 0.6078125 0.81015625 0.6078125 0.86015625 0.6046875 0.86171875 0.5984375 0.85625 0.57578125 0.859375 0.46796875 0.85234375 0.465625 0.8203125 0.48515625 0.828125 0.50390625
0 0.66015625 0.128125 0.62890625 0.134375 0.6203125 0.12734375 0.6171875 0.11328125 0.6234375 0.10390625 0.64609375 0.0953125 0.59921875 0.096875 0.5390625 0.13984375 0.5203125 0.21171875 0.52578125 0.2171875 0.53125 0.21328125 0.54296875 0.1765625 0.58046875 0.18125 0.60859375 0.1546875 0.63828125 0.1453125 0.66796875 0.146875 0.67109375 0.1390625 0.66015625 0.128125
0 0.5125 0.63203125 0.534375 0.56640625 0.53828125 0.5296875 0.50234375 0.534375 0.48984375 0.528125 0.471875 0.53828125 0.4703125 0.55078125 0.453125 0.56484375 0.446875 0.60703125 0.46171875 0.625 0.5125 0.63203125
0 0.20078125 0.5609375 0.23984375 0.55 0.25 0.54296875 0.24921875 0.5265625 0.23671875 0.515625 0.20859375 0.5296875 0.1921875 0.54765625 0.20078125 0.5609375
0 0.31875 0.44921875 0.33828125 0.440625 0.40078125 0.3875 0.38203125 0.3796875 0.31796875 0.384375 0.31875 0.44921875
0 0.08203125 0.7578125 0.06796875 0.7390625 0.03515625 0.721875 0.0234375 0.73046875 0.0234375 0.74765625 0.04140625 0.7578125 0.08203125 0.7578125
0 0.09453125 0.7640625 0.121875 0.74140625 0.12109375 0.7234375 0.0796875 0.75546875 0.08359375 0.7640625 0.09453125 0.7640625