0 0.2109375 0.64296875 0.1984375 0.67109375 0.1390625 0.74609375 0.17421875 0.728125 0.22734375 0.7140625 0.26640625 0.725 0.284375 0.73828125 0.3 0.76015625 0.309375 0.81171875 0.303125 0.84609375 0.278125 0.88671875 0.27890625 0.8984375 0.315625 0.86640625 0.353125 0.80078125 0.38203125 0.7703125 0.41953125 0.7515625 0.47421875 0.746875 0.4859375 0.73671875 0.5171875 0.62578125 0.5203125 0.56796875 0.5328125 0.56328125 0.54375 0.52578125 0.5875 0.43203125 0.61328125 0.39375 0.64765625 0.384375 0.66328125 0.365625 0.70859375 0.346875 0.75625 0.30703125 0.771875 0.28359375 0.77890625 0.209375 0.7640625 0.16015625 0.72578125 0.1171875 0.67890625 0.09375 0.62265625 0.0921875 0.58828125 0.103125 0.5421875 0.13984375 0.525 0.20703125 0.5296875 0.21484375 0.5015625 0.27265625 0.5078125 0.29609375 0.5046875 0.30703125 0.43984375 0.3703125 0.2015625 0.54140625 0.2 0.55546875 0.2125 0.59140625 0.2109375 0.64296875
0 0.471875 0.55078125 0.45625 0.56328125 0.45 0.59921875 0.4515625 0.61328125 0.46328125 0.625 0.5140625 0.63203125 0.5203125 0.56953125 0.5359375 0.55859375 0.53984375 0.53125 0.50546875 0.534375 0.49296875 0.528125 0.4734375 0.53828125 0.471875 0.55078125
0 0.20390625 0.534375 0.196875 0.54296875 0.2 0.56015625 0.20546875 0.5640625 0.24765625 0.546875 0.25078125 0.525 0.23828125 0.515625 0.20390625 0.534375
0 0.67265625 0.1390625 0.66328125 0.128125 0.62890625 0.134375 0.621875 0.12734375 0.61875 0.11171875 0.6328125 0.09609375 0.62734375 0.0921875 0.58828125 0.103125 0.540625 0.13984375 0.521875 0.20234375 0.525 0.22265625 0.54453125 0.1765625 0.58203125 0.18125 0.61171875 0.1546875 0.64296875 0.1453125 0.66953125 0.146875 0.67265625 0.1390625
0 0.6046875 0.16171875 0.5890625 0.18984375 0.59375 0.24296875 0.62109375 0.275 0.64609375 0.2859375 0.67109375 0.2859375 0.69609375 0.271875 0.721875 0.24296875 0.72421875 0.225 0.7140625 0.18046875 0.67578125 0.146875 0.61640625 0.153125 0.6046875 0.16171875
0 0.43984375 0.159375 0.50546875 0.1671875 0.52421875 0.1640625 0.5375 0.13828125 0.55703125 0.11875 0.60078125 0.0953125 0.66640625 0.0890625 0.71796875 0.109375 0.7640625 0.15234375 0.77734375 0.1734375 0.99921875 0.1671875 0.99921875 0.059375 0.98828125 0.0609375 0.98046875 0.053125 0.97734375 0.0609375 0.96796875 0.0515625 0.96171875 0.059375 0.95546875 0.05 0.77265625 0.0484375 0.66484375 0.0375 0.43515625 0.0421875 0.33671875 0.0328125 0.16796875 0.028125 0.1515625 0.03359375 0.1484375 0.10234375 0.153125 0.14453125 0.16640625 0.15625 0.43984375 0.159375
0 0.15078125 0.140625 0.14609375 0.0203125 0.08515625 0.0078125 0 0.01015625 0.00234375 0.1625 0.03984375 0.1703125 0.14140625 0.165625 0.15 0.16015625 0.15078125 0.140625
0 0.1203125 0.09296875 0.11328125 0.075 0.10078125 0.0671875 0.065625 0.07421875 0.071875 0.13984375 0.08515625 0.1625 0.11328125 0.1671875 0.13203125 0.15625 0.14765625 0.1359375 0.14609375 0.1296875 0.1265625 0.12734375 0.1171875 0.10859375 0.1203125 0.09296875
0 0.81640625 0.6953125 0.83046875 0.6953125 0.8328125 0.67734375 0.8515625 0.66328125 0.85390625 0.646875 0.84765625 0.625 0.82890625 0.61875 0.80703125 0.625 0.8015625 0.63359375 0.8 0.68359375 0.81640625 0.6953125
0 0.7453125 0.73359375 0.74140625 0.7421875 0.7375 0.73984375 0.73671875 0.753125 0.72890625 0.753125 0.7328125 0.74765625 0.71484375 0.7390625 0.7140625 0.74921875 0.7203125 0.75234375 0.71484375 0.75625 0.83671875 0.759375 0.85546875 0.7546875 0.8984375 0.71796875 0.90625 0.68203125 0.90546875 0.6390625 0.903125 0.61640625 0.8890625 0.58984375 0.85859375 0.56875 0.79453125 0.5671875 0.74140625 0.596875 0.61796875 0.5703125 0.57734375 0.56875 0.54765625 0.575 0.5296875 0.59296875 0.515625 0.66640625 0.5265625 0.71171875 0.54765625 0.7359375 0.55703125 0.7390625 0.59296875 0.740625 0.72265625 0.7234375 0.7453125 0.73359375
0 0.7046875 0.41484375 0.73828125 0.4328125 0.75859375 0.4625 0.77578125 0.4484375 0.79453125 0.4421875 0.80546875 0.446875 0.8265625 0.47265625 0.828125 0.49296875 0.8203125 0.51484375 0.85546875 0.5328125 0.86015625 0.3953125 0.71171875 0.390625 0.7046875 0.39609375 0.7046875 0.41484375
0 0.77890625 0.76875 0.76640625 0.765625 0.7546875 0.78203125 0.75 0.89296875 0.759375 0.93984375 0.7515625 0.94921875 0.7515625 0.96953125 0.7703125 0.97578125 0.77578125 0.9984375 0.8875 0.99453125 0.88984375 0.7796875 0.84140625 0.775 0.79609375 0.7859375 0.77890625 0.76875