0 0.7515625 0.39140625 0.7609375 0.38828125 0.7609375 0.37578125 0.75546875 0.371875 0.73515625 0.3828125 0.72734375 0.365625 0.70859375 0.3625 0.7078125 0.34140625 0.68671875 0.328125 0.67734375 0.3125 0.66015625 0.321875 0.65625 0.33046875 0.6625 0.34609375 0.6890625 0.36953125 0.690625 0.38359375 0.675 0.41796875 0.659375 0.42421875 0.653125 0.44921875 0.65625 0.48359375 0.66875 0.48203125 0.67421875 0.4546875 0.72109375 0.453125 0.7265625 0.42578125 0.7515625 0.39140625
0 0.74296875 0.4015625 0.7609375 0.39140625 0.7625 0.38046875 0.75859375 0.3703125 0.74765625 0.3703125 0.73671875 0.384375 0.72734375 0.365625 0.70859375 0.3625 0.709375 0.34296875 0.68671875 0.328125 0.67734375 0.3125 0.66015625 0.321875 0.65625 0.33203125 0.6625 0.34609375 0.6875 0.36796875 0.690625 0.38515625 0.6765625 0.41640625 0.659375 0.42265625 0.6515625 0.47890625 0.6609375 0.48515625 0.6703125 0.48046875 0.67421875 0.4546875 0.721875 0.45234375 0.7265625 0.42578125 0.74296875 0.4015625
0 0.72265625 0.4609375 0.7109375 0.52109375 0.6875 0.58828125 0.69296875 0.6015625 0.71015625 0.590625 0.73359375 0.59375 0.7515625 0.62578125 0.7671875 0.60703125 0.771875 0.54921875 0.759375 0.53515625 0.740625 0.46953125 0.72265625 0.4609375
0 0.821875 0.74609375 0.81875 0.73515625 0.80625 0.72734375 0.8 0.69921875 0.784375 0.66953125 0.7671875 0.59921875 0.7703125 0.55078125 0.759375 0.53671875 0.740625 0.47109375 0.72890625 0.4609375 0.7203125 0.46484375 0.7109375 0.52265625 0.6890625 0.58984375 0.6984375 0.60078125 0.69609375 0.6109375 0.70546875 0.5953125 0.73359375 0.596875 0.75 0.62421875 0.75625 0.67421875 0.7484375 0.69765625 0.753125 0.76640625 0.74765625 0.775 0.746875 0.75390625 0.7375 0.74921875 0.73984375 0.7390625 0.7453125 0.74765625 0.7453125 0.73671875 0.7375 0.73515625 0.73984375 0.7234375 0.7453125 0.73046875 0.74453125 0.721875 0.734375 0.71953125 0.73203125 0.765625 0.73125 0.75234375 0.7234375 0.75078125 0.72421875 0.7390625 0.7296875 0.74765625 0.7296875 0.73671875 0.721875 0.73359375 0.7234375 0.70546875 0.7171875 0.70546875 0.71640625 0.7140625 0.7140625 0.69765625 0.71015625 0.70625 0.69921875 0.703125 0.69765625 0.690625 0.69453125 0.70625 0.6828125 0.70390625 0.690625 0.67421875 0.68203125 0.640625 0.6734375 0.65546875 0.671875 0.72421875 0.6734375 0.74140625 0.6796875 0.74765625 0.6703125 0.80390625 0.6703125 0.87109375 0.66484375 0.8796875 0.65625 0.87890625 0.65625 0.89140625 0.6796875 0.93359375 0.68125 0.99921875 0.7671875 0.99921875 0.7828125 0.93671875 0.8015625 0.91484375 0.7984375 0.83984375 0.821875 0.74609375
0 0.8 0.35703125 0.8015625 0.38515625 0.80625 0.40078125 0.81875 0.41171875 0.8328125 0.40859375 0.8484375 0.37421875 0.84140625 0.3578125 0.81015625 0.3515625 0.8 0.35703125
0 0.79375 0.48671875 0.825 0.48359375 0.82265625 0.453125 0.775 0.45546875 0.7890625 0.46796875 0.79375 0.48671875
0 0.9109375 0.62265625 0.89765625 0.5875 0.8796875 0.60859375 0.878125 0.65703125 0.8859375 0.66640625 0.896875 0.71484375 0.921875 0.77265625 0.9296875 0.77578125 0.940625 0.76484375 0.940625 0.75234375 0.928125 0.68984375 0.9265625 0.63203125 0.9109375 0.62265625
0 0.95390625 0.64375 0.94765625 0.63125 0.940625 0.66953125 0.946875 0.69921875 0.9390625 0.72421875 0.959375 0.73203125 0.9734375 0.72734375 0.971875 0.70234375 0.98125 0.68203125 0.9734375 0.64921875 0.95390625 0.64375
0 0.84296875 0.6328125 0.8234375 0.65390625 0.825 0.67265625 0.83671875 0.671875 0.8453125 0.68671875 0.85390625 0.6796875 0.86171875 0.68125 0.8671875 0.66953125 0.85390625 0.63125 0.84296875 0.6328125
0 0.9890625 0.87890625 0.98984375 0.8625 0.9640625 0.85859375 0.9671875 0.89921875 0.9890625 0.87890625
0 1 0.87578125 0.98203125 0.859375 0.9625 0.86171875 0.965625 0.94765625 0.96015625 0.95625 0.94296875 0.953125 0.934375 0.96484375 0.9421875 0.99921875 1 0.99921875 1 0.87578125
0 0.9796875 0.43828125 0.98515625 0.45 0.9984375 0.45390625 1 0.34765625 0.97890625 0.34375 0.9734375 0.37734375 0.98125 0.39140625 0.9796875 0.43828125
0 0.9796875 0.24140625 0.978125 0.28046875 0.9859375 0.29765625 1 0.28359375 0.99921875 0.1296875 0.98125 0.18515625 0.9875 0.22109375 0.9796875 0.24140625
0 0.390625 0.92890625 0.390625 0.90703125 0.38046875 0.8953125 0.36328125 0.8953125 0.34921875 0.9078125 0.30546875 0.9 0.284375 0.91328125 0.284375 0.94921875 0.2984375 0.96328125 0.3015625 0.98203125 0.3171875 0.99921875 0.45859375 1 0.459375 0.97265625 0.45078125 0.9625 0.41484375 0.9640625 0.390625 0.92890625
0 0.46875 0.89765625 0.4859375 0.88359375 0.46875 0.84921875 0.44921875 0.8265625 0.453125 0.87265625 0.46875 0.89765625
0 0.484375 0.95859375 0.5015625 0.94921875 0.5015625 0.93984375 0.47734375 0.9171875 0.471875 0.93359375 0.484375 0.95859375
0 0.5140625 0.78359375 0.528125 0.77421875 0.53203125 0.7125 0.509375 0.72265625 0.5078125 0.77265625 0.5140625 0.78359375
0 0.60703125 0.55 0.59921875 0.5296875 0.55234375 0.5296875 0.5421875 0.54296875 0.5421875 0.55390625 0.5671875 0.58515625 0.559375 0.59609375 0.5609375 0.61484375 0.5859375 0.63828125 0.5953125 0.63203125 0.603125 0.59453125 0.6265625 0.56953125 0.6296875 0.55390625 0.60703125 0.55
0 0.5875 0.49921875 0.6046875 0.49453125 0.615625 0.45234375 0.61484375 0.4328125 0.5921875 0.44921875 0.5875 0.49921875
0 0.3265625 0.40703125 0.3234375 0.36640625 0.31796875 0.359375 0.3078125 0.36328125 0.2984375 0.39765625 0.290625 0.40390625 0.296875 0.41328125 0.296875 0.44765625 0.290625 0.47734375 0.2734375 0.48359375 0.2828125 0.48984375 0.29453125 0.4890625 0.3078125 0.47890625 0.309375 0.40703125 0.31640625 0.4 0.3265625 0.40703125
0 0.3734375 0.53203125 0.36640625 0.50625 0.35 0.51953125 0.35625 0.53515625 0.3734375 0.53203125
0 0.3859375 0.34765625 0.409375 0.35859375 0.4171875 0.35703125 0.4171875 0.34296875 0.40703125 0.315625 0.4046875 0.33359375 0.3859375 0.34765625
0 0.0265625 0.96171875 0.0359375 0.98984375 0.04921875 0.9875 0.065625 0.96796875 0.0625 0.94296875 0.04296875 0.9296875 0.0265625 0.96171875