0 0.46953125 0.740625 0.53515625 0.759375 0.54921875 0.771875 0.60859375 0.7671875 0.62578125 0.7515625 0.59375 0.73359375 0.590625 0.71171875 0.6015625 0.69296875 0.58828125 0.6875 0.52109375 0.7109375 0.4609375 0.72265625 0.46953125 0.740625
0 0.4609375 0.72890625 0.47421875 0.7421875 0.53046875 0.7578125 0.54921875 0.7703125 0.59765625 0.7671875 0.66328125 0.7828125 0.72578125 0.80625 0.73671875 0.8203125 0.74765625 0.821875 0.83828125 0.7984375 0.91484375 0.8015625 0.93671875 0.7828125 0.99921875 0.76875 0.99921875 0.68125 0.93359375 0.6796875 0.90703125 0.66875 0.88984375 0.653125 0.86953125 0.6703125 0.79140625 0.671875 0.7796875 0.68203125 0.778125 0.74921875 0.74921875 0.7546875 0.71328125 0.75 0.66171875 0.7546875 0.61484375 0.7453125 0.5953125 0.73203125 0.59375 0.70859375 0.6 0.69296875 0.59140625 0.6890625 0.51640625 0.7125 0.46796875 0.71875 0.4609375 0.72890625
0 0.75234375 0.940625 0.76796875 0.9390625 0.77578125 0.93125 0.77265625 0.921875 0.65703125 0.878125 0.60859375 0.8796875 0.5875 0.89765625 0.62265625 0.9109375 0.63203125 0.9265625 0.69140625 0.928125 0.75234375 0.940625
0 0.70234375 0.971875 0.72734375 0.9734375 0.73203125 0.959375 0.72421875 0.9390625 0.69921875 0.946875 0.66953125 0.940625 0.63125 0.94765625 0.64375 0.95390625 0.64921875 0.9734375 0.67734375 0.9796875 0.70234375 0.971875
0 0.99921875 1 0.99921875 0.9453125 0.97890625 0.9359375 0.96328125 0.9359375 0.953125 0.94453125 0.95234375 0.9640625 0.86171875 0.9625 0.8578125 0.97890625 0.86328125 0.990625 0.8765625 0.99453125 0.87578125 1 0.99921875 1
0 0.68515625 0.8453125 0.6703125 0.83515625 0.67265625 0.825 0.65546875 0.8234375 0.6328125 0.84609375 0.63515625 0.8546875 0.66796875 0.8671875 0.68125 0.86171875 0.678125 0.85390625 0.68515625 0.8453125
0 0.36953125 0.9734375 0.3421875 0.98046875 0.34765625 1 0.45390625 0.9984375 0.45 0.98515625 0.43828125 0.9796875 0.39140625 0.98125 0.36953125 0.9734375
0 0.45390625 0.9984375 0.44453125 0.98125 0.39296875 0.98125 0.36796875 0.9734375 0.30390625 0.9859375 0.27578125 0.9765625 0.21796875 0.9875 0.18515625 0.98125 0.1296875 0.99921875 0.45390625 0.9984375
0 0.39140625 0.7609375 0.4015625 0.74296875 0.42578125 0.7265625 0.45234375 0.721875 0.4546875 0.67421875 0.48046875 0.6703125 0.48515625 0.6609375 0.47890625 0.6515625 0.42265625 0.659375 0.41640625 0.6765625 0.38515625 0.690625 0.36796875 0.6875 0.34609375 0.6625 0.33203125 0.65625 0.321875 0.66015625 0.3125 0.67734375 0.328125 0.68671875 0.34296875 0.709375 0.3625 0.70859375 0.365625 0.72734375 0.3828125 0.73515625 0.3703125 0.74765625 0.3703125 0.75859375 0.38203125 0.7625 0.39140625 0.7609375
0 0.453125 0.82265625 0.48359375 0.825 0.48671875 0.79375 0.46484375 0.7875 0.45703125 0.775 0.453125 0.82265625
0 0.38515625 0.8015625 0.35703125 0.8 0.3515625 0.81015625 0.3578125 0.84140625 0.37421875 0.8484375 0.40859375 0.8328125 0.41171875 0.81875 0.40078125 0.80625 0.38515625 0.8015625
0 0.54296875 0.5421875 0.5296875 0.55234375 0.5296875 0.60078125 0.55 0.60703125 0.55546875 0.6296875 0.57109375 0.625 0.58984375 0.6046875 0.62890625 0.596875 0.63828125 0.5859375 0.61796875 0.5625 0.59609375 0.559375 0.58515625 0.5671875 0.55546875 0.5421875 0.54296875 0.5421875
0 0.48984375 0.5984375 0.47734375 0.5890625 0.45546875 0.590625 0.4421875 0.59921875 0.434375 0.61484375 0.48046875 0.6078125 0.48984375 0.5984375
0 0.84921875 0.46875 0.88359375 0.4859375 0.89765625 0.46875 0.87265625 0.453125 0.8265625 0.44921875 0.84921875 0.46875
0 0.93984375 0.5015625 0.95625 0.49453125 0.95703125 0.4828125 0.93359375 0.471875 0.9171875 0.47734375 0.93984375 0.5015625
0 0.7125 0.53203125 0.77421875 0.528125 0.78359375 0.5140625 0.77265625 0.5078125 0.72421875 0.509375 0.7125 0.53203125
0 0.96484375 0.2984375 0.94921875 0.284375 0.91328125 0.284375 0.8984375 0.31171875 0.9078125 0.34921875 0.8953125 0.36328125 0.8953125 0.38203125 0.90703125 0.390625 0.93203125 0.3921875 0.95703125 0.4078125 0.965625 0.41796875 0.9625 0.45234375 0.97265625 0.459375 1 0.45859375 0.99921875 0.3171875 0.98046875 0.3 0.96484375 0.2984375
0 0.94140625 0.0609375 0.96796875 0.065625 0.9890625 0.04765625 0.98984375 0.0375 0.98203125 0.0296875 0.96171875 0.0265625 0.93125 0.04296875 0.94140625 0.0609375
0 0.90859375 0.071875 0.93671875 0.0625 0.96953125 0.065625 0.990625 0.04609375 0.98984375 0.0359375 0.97734375 0.028125 0.94921875 0.0296875 0.925 0.04140625 0.93359375 0.053125 0.91328125 0.0515625 0.9 0.05859375 0.90859375 0.071875
0 0.46640625 0.2953125 0.41171875 0.296875 0.40390625 0.290625 0.39765625 0.2984375 0.36328125 0.3078125 0.359375 0.31640625 0.36171875 0.321875 0.40703125 0.3265625 0.3984375 0.31484375 0.40390625 0.309375 0.47890625 0.3078125 0.4890625 0.29296875 0.48828125 0.278125 0.48203125 0.2734375 0.478125 0.28984375 0.46640625 0.2953125
0 0.35859375 0.409375 0.34765625 0.3859375 0.33515625 0.4046875 0.315625 0.40703125 0.34296875 0.4171875 0.35703125 0.4171875 0.35859375 0.409375