0 0.39921875 0 0.396875 0.01171875 0.384375 0.01484375 0.3875 0.02265625 0.3765625 0.03203125 0.375 0.10859375 0.36796875 0.1171875 0.3625 0.11328125 0.3640625 0.05390625 0.353125 0.04609375 0.353125 0.10859375 0.359375 0.11328125 0.353125 0.11640625 0.3671875 0.14140625 0.384375 0.30546875 0.4125 0.39296875 0.4078125 0.41484375 0.4140625 0.44609375 0.43125 0.45234375 0.4359375 0.48359375 0.43125 0.48359375 0.43125 0.49296875 0.4453125 0.52890625 0.4453125 0.68828125 0.45390625 0.696875 0.4765625 0.70078125 0.46875 0.70390625 0.46875 0.71484375 0.50703125 0.8203125 0.5140625 0.81796875 0.51875 0.80546875 0.5203125 0.72265625 0.528125 0.70546875 0.525 0.68828125 0.53046875 0.6703125 0.54140625 0.684375 0.5484375 0.68046875 0.559375 0.62109375 0.57421875 0.60625 0.60078125 0.59375 0.6171875 0.60546875 0.62109375 0.61875 0.625 0.59921875 0.62890625 0.6328125 0.63125 0.59921875 0.63828125 0.590625 0.67734375 0.5828125 0.70703125 0.56875 0.715625 0.55390625 0.6484375 0.44140625 0.634375 0.39453125 0.63125 0.34140625 0.6421875 0.17734375 0.67265625 0.1765625 0.72265625 0.153125 0.74140625 0.153125 0.75546875 0.1390625 0.7703125 0.14140625 0.775 0.00078125 0.7671875 0.00234375 0.7671875 0.11484375 0.75390625 0.128125 0.7609375 0.04609375 0.759375 0.01484375 0.746875 0.01015625 0.7578125 0.00390625 0.75078125 0 0.72109375 0 0.71796875 0.009375 0.71640625 0 0.68828125 0 0.6875 0.01171875 0.68203125 0.0125 0.67890625 0 0.65859375 0 0.6578125 0.01015625 0.65078125 0.0125 0.64765625 0 0.39921875 0
0 0.79453125 1 0.80546875 0.9625 0.81953125 0.9734375 0.85078125 0.9421875 0.87109375 0.95625 0.87890625 0.953125 0.8828125 0.91328125 0.89140625 0.9 0.9 0.89921875 0.90234375 0.8859375 0.91796875 0.88125 0.9265625 0.88515625 0.9390625 0.90859375 0.9484375 0.95859375 0.946875 0.99453125 0.96015625 0.9859375 0.97265625 0.9984375 0.99921875 1 1 0.65703125 0.990625 0.67421875 0.9859375 0.74765625 0.97734375 0.75625 0.94765625 0.75 0.91953125 0.75625 0.9 0.60546875 0.890625 0.58515625 0.88203125 0.58125 0.86328125 0.5890625 0.86015625 0.596875 0.8515625 0.59609375 0.85234375 0.5875 0.84140625 0.590625 0.821875 0.56796875 0.82109375 0.5578125 0.81171875 0.5515625 0.80078125 0.553125 0.784375 0.53671875 0.790625 0.52578125 0.784375 0.49609375 0.7765625 0.48984375 0.77421875 0.4765625 0.759375 0.47109375 0.7515625 0.48046875 0.7515625 0.53046875 0.759375 0.53671875 0.753125 0.53984375 0.74921875 0.571875 0.73046875 0.56875 0.7296875 0.56015625 0.71953125 0.55625 0.71484375 0.56875 0.67109375 0.5875 0.6609375 0.60703125 0.63984375 0.6203125 0.62421875 0.6 0.6140625 0.60234375 0.6234375 0.66328125 0.63125 0.67734375 0.63984375 0.6796875 0.65234375 0.6625 0.6609375 0.66796875 0.6671875 0.75859375 0.6609375 0.79296875 0.66875 0.83359375 0.665625 0.92421875 0.69140625 0.9546875 0.7046875 0.94609375 0.71171875 1 0.74921875 1 0.75703125 0.9921875 0.76171875 1 0.79453125 1
0 0.109375 0.02265625 0.11015625 0.1125 0.1171875 0.09453125 0.115625 0.01953125 0.109375 0.02265625
0 0.07265625 0.178125 0.084375 0.17109375 0.09375 0.13359375 0.0859375 0.11328125 0.09375 0.08203125 0.0921875 0.00078125 0.065625 0.00078125 0.06875 0.07890625 0.0546875 0.12578125 0.0640625 0.13515625 0.07265625 0.178125
0 0.3015625 0.10546875 0.2984375 0.22421875 0.2890625 0.25078125 0.29609375 0.2640625 0.3125 0.25078125 0.321875 0.22421875 0.3234375 0.10859375 0.315625 0.06953125 0.315625 0.00078125 0.278125 0.00078125 0.2765625 0.03203125 0.290625 0.05546875 0.29375 0.09453125 0.3015625 0.10546875
0 0.1453125 0.14296875 0.1390625 0.12265625 0.125 0.13203125 0.1265625 0.14765625 0.13359375 0.1546875 0.1421875 0.15234375 0.1453125 0.14296875
0 0.16328125 0.1578125 0.20703125 0.15625 0.22109375 0.1453125 0.23984375 0.1484375 0.24375 0.14140625 0.240625 0.10859375 0.22421875 0.1171875 0.2125 0.10859375 0.21875 0.06953125 0.21875 0.00078125 0.1984375 0.00078125 0.1953125 0.10078125 0.18515625 0.1109375 0.16875 0.11484375 0.16328125 0.1578125
0 0.81875 0.13828125 0.8109375 0.13203125 0.7984375 0.13515625 0.8 0.16484375 0.80390625 0.171875 0.81484375 0.1734375 0.81875 0.13828125
0 0.8203125 0.13984375 0.8140625 0.13046875 0.8171875 0.00078125 0.796875 0.00078125 0.7984375 0.15078125 0.80703125 0.1734375 0.81875 0.16796875 0.8203125 0.13984375
0 1 0.11953125 0.9734375 0.12890625 0.98203125 0.1515625 1 0.13984375 1 0.11953125
0 0.975 0.13203125 0.984375 0.15234375 0.984375 0.26328125 0.99921875 0.26875 1 0.00078125 0.975 0.00078125 0.9828125 0.02578125 0.978125 0.08359375 0.9890625 0.11171875 0.975 0.13203125
0 0.3453125 0.86328125 0.3328125 0.78984375 0.325 0.78984375 0.3203125 0.81171875 0.32734375 0.884375 0.3421875 0.88046875 0.3453125 0.86328125
0 0.203125 0.86328125 0.196875 0.88984375 0.19609375 0.9734375 0.2140625 0.96796875 0.209375 0.87734375 0.203125 0.86328125
0 0.184375 0.67578125 0.18828125 0.69375 0.1984375 0.68984375 0.1921875 0.67421875 0.184375 0.67578125
0 0.3328125 0.50390625 0.3296875 0.48046875 0.3203125 0.48671875 0.3109375 0.52265625 0.3109375 0.54609375 0.31796875 0.55625 0.3328125 0.50390625
0 0.3765625 0.51640625 0.3875 0.53671875 0.3875 0.56015625 0.38125 0.57109375 0.41796875 0.5875 0.44375 0.57578125 0.4515625 0.53984375 0.4390625 0.49609375 0.4375 0.45390625 0.4046875 0.42421875 0.39921875 0.4234375 0.4015625 0.43046875 0.3890625 0.43828125 0.3765625 0.49140625 0.3765625 0.51640625