0 0.0578125 0.81328125 0.0625 0.85859375 0.06640625 0.8671875 0.08359375 0.8609375 0.09140625 0.88125 0.11953125 0.875 0.14140625 0.8546875 0.16015625 0.8546875 0.1765625 0.81328125 0.1921875 0.79140625 0.190625 0.76328125 0.196875 0.73671875 0.15703125 0.6828125 0.1234375 0.67578125 0.06171875 0.6765625 0.0421875 0.73984375 0.0421875 0.77109375 0.0484375 0.77578125 0.0578125 0.81328125
0 0.3734375 0.90078125 0.3796875 0.91328125 0.3796875 0.93828125 0.38515625 0.9421875 0.3984375 0.93984375 0.41640625 0.8921875 0.4265625 0.89609375 0.43984375 0.915625 0.45390625 0.9125 0.4671875 0.89296875 0.46875 0.86953125 0.4515625 0.83046875 0.421875 0.81015625 0.4125 0.81328125 0.4 0.84296875 0.38125 0.85390625 0.375 0.86953125 0.3734375 0.90078125
0 0.4609375 0.73359375 0.47578125 0.7578125 0.4859375 0.75546875 0.50625 0.70703125 0.5171875 0.69765625 0.51875 0.68046875 0.5109375 0.66171875 0.49921875 0.6734375 0.48203125 0.6765625 0.4734375 0.69453125 0.459375 0.70234375 0.4609375 0.73359375
0 0.5140625 0.58984375 0.50625 0.56640625 0.4921875 0.56484375 0.4765625 0.56796875 0.4796875 0.60703125 0.51171875 0.634375 0.51875 0.63046875 0.5140625 0.58984375
0 0.40078125 0.621875 0.41328125 0.621875 0.43203125 0.64375 0.4375 0.63828125 0.4375 0.62109375 0.428125 0.60703125 0.425 0.57578125 0.41875 0.57265625 0.40078125 0.5734375 0.3921875 0.58046875 0.3890625 0.61484375 0.39609375 0.628125 0.40078125 0.621875
0 0.37734375 0.590625 0.38125 0.56328125 0.34609375 0.571875 0.3421875 0.58046875 0.35390625 0.5953125 0.36953125 0.5859375 0.37734375 0.590625
0 0.525 0.78984375 0.5125 0.76015625 0.503125 0.76640625 0.5 0.78515625 0.51484375 0.8078125 0.525 0.80078125 0.525 0.78984375
0 0.62109375 0.6078125 0.6484375 0.58203125 0.665625 0.51328125 0.675 0.50234375 0.671875 0.48046875 0.65234375 0.4765625 0.64453125 0.459375 0.6265625 0.45078125 0.6 0.46796875 0.5921875 0.48671875 0.59609375 0.6109375 0.60859375 0.6 0.62109375 0.6078125
0 0.85546875 0.371875 0.83203125 0.3734375 0.821875 0.36640625 0.8125 0.36796875 0.8015625 0.40078125 0.81953125 0.425 0.8609375 0.38828125 0.85546875 0.371875
0 0.7421875 0.21484375 0.75234375 0.221875 0.76484375 0.2203125 0.7796875 0.20390625 0.7796875 0.17421875 0.796875 0.10859375 0.7984375 0.07734375 0.77890625 0.0703125 0.7765625 0.06171875 0.75546875 0.0609375 0.7421875 0.06796875 0.7546875 0.16328125 0.74375 0.18046875 0.7421875 0.21484375
0 0.6484375 0.09609375 0.64375 0.07109375 0.6296875 0.04765625 0.61328125 0.053125 0.6125 0.06328125 0.61875 0.08984375 0.63671875 0.1203125 0.6484375 0.09609375
0 0.29921875 0.3015625 0.284375 0.22265625 0.2828125 0.16171875 0.2625 0.12578125 0.2421875 0.10546875 0.23125 0.10703125 0.2359375 0.12578125 0.2234375 0.18828125 0.2265625 0.28203125 0.29921875 0.3015625