0 0.14140625 0.83125 0.13125 0.83828125 0.1390625 0.85390625 0.1203125 0.85859375 0.128125 0.86953125 0.1234375 0.88359375 0.1453125 0.91015625 0.14921875 0.9328125 0.18515625 0.94375 0.20234375 0.959375 0.23359375 0.9578125 0.25546875 0.96875 0.3171875 0.92421875 0.325 0.88984375 0.32421875 0.8328125 0.25546875 0.809375 0.14140625 0.83125
0 0.0828125 0.59921875 0.084375 0.61015625 0.10546875 0.6296875 0.13203125 0.628125 0.17734375 0.60625 0.19375 0.58984375 0.19296875 0.5828125 0.18828125 0.575 0.15390625 0.5609375 0.14765625 0.56875 0.11015625 0.5765625 0.09453125 0.596875 0.0828125 0.59921875
0 0.29296875 0.603125 0.30234375 0.6140625 0.32578125 0.615625 0.33984375 0.603125 0.29609375 0.55625 0.26640625 0.5578125 0.2390625 0.57578125 0.29296875 0.603125
0 0.38984375 0.578125 0.365625 0.60546875 0.3671875 0.61484375 0.38046875 0.6203125 0.42109375 0.603125 0.44453125 0.6046875 0.44765625 0.58125 0.43984375 0.5734375 0.38984375 0.578125
0 0.36171875 0.5359375 0.37734375 0.5359375 0.39453125 0.525 0.42265625 0.521875 0.42734375 0.5078125 0.41640625 0.4875 0.38203125 0.4875 0.371875 0.49296875 0.378125 0.49765625 0.378125 0.51015625 0.3546875 0.52890625 0.36171875 0.5359375
0 0.06796875 0.5640625 0.10546875 0.5765625 0.13671875 0.5734375 0.15234375 0.5640625 0.15390625 0.55625 0.14296875 0.540625 0.13046875 0.534375 0.10234375 0.5328125 0.08359375 0.5421875 0.06328125 0.540625 0.0578125 0.54765625 0.06796875 0.5640625
0 0.24296875 0.4875 0.20859375 0.475 0.19921875 0.475 0.1921875 0.48515625 0.21015625 0.4984375 0.22578125 0.4984375 0.24296875 0.4875
0 0.41796875 0.3515625 0.3921875 0.37890625 0.4 0.39140625 0.390625 0.40390625 0.51328125 0.4078125 0.53046875 0.4015625 0.54921875 0.371875 0.53671875 0.3515625 0.5234375 0.34765625 0.51953125 0.328125 0.49609375 0.325 0.48671875 0.334375 0.41796875 0.3515625
0 0.59296875 0.1359375 0.575 0.15546875 0.61015625 0.1921875 0.61796875 0.1921875 0.63125 0.18359375 0.628125 0.16484375 0.63671875 0.146875 0.63359375 0.140625 0.59296875 0.1359375
0 0.78515625 0.2 0.7765625 0.21640625 0.79765625 0.2390625 0.82578125 0.2390625 0.91328125 0.2578125 0.9265625 0.25390625 0.928125 0.23828125 0.9375 0.23515625 0.93828125 0.2203125 0.93046875 0.2 0.87421875 0.2046875 0.85078125 0.2140625 0.81796875 0.2015625 0.78515625 0.2
0 0.88828125 0.371875 0.93671875 0.3875 0.9515625 0.38046875 0.95234375 0.3703125 0.92890625 0.35625 0.90390625 0.3515625 0.8796875 0.36328125 0.88828125 0.371875
0 0.89453125 0.7578125 0.87421875 0.7375 0.83828125 0.7171875 0.77734375 0.715625 0.6984375 0.70078125 0.71796875 0.7734375 0.81171875 0.7765625 0.87578125 0.7640625 0.89296875 0.76875 0.89453125 0.7578125