0 0.040625 0.79765625 0.0578125 0.81796875 0.0671875 0.85078125 0.08984375 0.8546875 0.11796875 0.8765625 0.13828125 0.871875 0.14140625 0.8765625 0.14609375 0.8609375 0.16484375 0.8671875 0.1703125 0.85234375 0.190625 0.74453125 0.1671875 0.67578125 0.11171875 0.675 0.07578125 0.6828125 0.03125 0.74296875 0.0421875 0.76640625 0.040625 0.79765625
0 0.3734375 0.90078125 0.3796875 0.91328125 0.3796875 0.93828125 0.38515625 0.9421875 0.3984375 0.93828125 0.41640625 0.8921875 0.428125 0.89765625 0.43828125 0.9140625 0.45390625 0.9125 0.4671875 0.89296875 0.46875 0.87109375 0.4515625 0.83046875 0.4203125 0.81015625 0.4140625 0.81171875 0.4 0.84296875 0.38125 0.85390625 0.375 0.86953125 0.3734375 0.90078125
0 0.42578125 0.7609375 0.4421875 0.73359375 0.44375 0.70390625 0.396875 0.66015625 0.384375 0.67421875 0.3859375 0.69765625 0.396875 0.70703125 0.4171875 0.75546875 0.42578125 0.7609375
0 0.39609375 0.634375 0.421875 0.61015625 0.4265625 0.56015625 0.41875 0.55234375 0.3953125 0.55546875 0.396875 0.57890625 0.3796875 0.61953125 0.38046875 0.63125 0.39609375 0.634375
0 0.36953125 0.5859375 0.3796875 0.58984375 0.38125 0.55546875 0.35703125 0.55625 0.3453125 0.56796875 0.3421875 0.58046875 0.35390625 0.5953125 0.36953125 0.5859375
0 0.4796875 0.63828125 0.48828125 0.621875 0.50234375 0.621875 0.50703125 0.628125 0.5109375 0.62421875 0.5140625 0.58828125 0.51015625 0.5796875 0.496875 0.57421875 0.478125 0.57734375 0.475 0.60703125 0.4640625 0.62890625 0.46796875 0.64375 0.4796875 0.63828125
0 0.525 0.79140625 0.5125 0.75703125 0.5015625 0.77421875 0.5015625 0.78984375 0.51484375 0.8078125 0.525 0.80078125 0.525 0.79140625
0 0.590625 0.51484375 0.6078125 0.58203125 0.63671875 0.609375 0.64921875 0.6015625 0.66015625 0.609375 0.6640625 0.53828125 0.66875 0.53203125 0.665625 0.48828125 0.65234375 0.4640625 0.6296875 0.45546875 0.61015625 0.4609375 0.60234375 0.4765625 0.58671875 0.478125 0.58125 0.50234375 0.590625 0.51484375
0 0.296875 0.27890625 0.29375 0.23359375 0.3 0.22421875 0.3 0.19609375 0.2875 0.10546875 0.265625 0.12109375 0.240625 0.16015625 0.22890625 0.2984375 0.29296875 0.284375 0.296875 0.27890625
0 0.634375 0.11484375 0.646875 0.07890625 0.6453125 0.04765625 0.63203125 0.046875 0.615625 0.07578125 0.6140625 0.10234375 0.62265625 0.1203125 0.634375 0.11484375
0 0.7609375 0.17421875 0.7609375 0.20234375 0.78203125 0.2234375 0.8 0.21484375 0.7984375 0.18203125 0.7859375 0.14921875 0.796875 0.11796875 0.8 0.06953125 0.7796875 0.06171875 0.76796875 0.0609375 0.76171875 0.071875 0.74609375 0.0734375 0.7421875 0.08671875 0.7609375 0.17421875