0 1 0.00078125 0.48125 0.00078125 0.4828125 0.12578125 0.49375 0.17265625 0.50625 0.18359375 0.5078125 0.20390625 0.5125 0.20546875 0.5078125 0.21171875 0.51796875 0.2140625 0.5140625 0.22109375 0.5296875 0.23203125 0.5234375 0.25078125 0.5609375 0.27734375 0.5609375 0.30390625 0.53203125 0.3171875 0.528125 0.33046875 0.55 0.40546875 0.5703125 0.41953125 0.565625 0.45546875 0.5859375 0.53515625 0.59453125 0.5375 0.60625 0.52421875 0.6 0.49765625 0.60625 0.46953125 0.62109375 0.4609375 0.63046875 0.4640625 0.646875 0.44765625 0.64375 0.44140625 0.65078125 0.425 0.665625 0.42734375 0.67421875 0.4609375 0.696875 0.44765625 0.703125 0.42109375 0.71640625 0.4078125 0.72734375 0.409375 0.76796875 0.45 0.81796875 0.41875 0.83828125 0.425 0.85390625 0.4171875 0.86796875 0.43125 0.88203125 0.434375 0.89375 0.45546875 0.925 0.47734375 0.93359375 0.4984375 0.94296875 0.496875 0.978125 0.42421875 0.99140625 0.415625 1 0.42109375 1 0.31953125 0.99453125 0.3171875 0.990625 0.32265625 0.990625 0.31171875 1 0.31328125 1 0.00078125
0 0.24609375 0.1515625 0.25625 0.19140625 0.26484375 0.2 0.28359375 0.2015625 0.29921875 0.215625 0.31484375 0.21875 0.33203125 0.2125 0.34453125 0.215625 0.3578125 0.22734375 0.359375 0.24609375 0.36484375 0.25 0.38984375 0.2484375 0.40390625 0.2578125 0.41875 0.24609375 0.43203125 0.2125 0.45546875 0.2109375 0.46875 0.20234375 0.47109375 0 0.1515625 0.00078125 0.15546875 0.2390625 0.16015625 0.2328125 0.184375 0.23203125 0.18828125 0.178125 0.20078125 0.1765625 0.21484375 0.1859375 0.21953125 0.1703125 0.2265625 0.18984375 0.2203125 0.19921875 0.23046875 0.2015625 0.23125 0.17421875 0.246875 0.16796875 0.24453125 0.1625 0.23359375 0.1671875 0.23125 0.16015625 0.24609375 0.1515625
0 0.24609375 0.2984375 0.2359375 0.29765625 0.246875 0.29609375 0.2484375 0.24921875 0.259375 0.24609375 0.25625 0.23515625 0.2640625 0.23203125 0.2640625 0.20390625 0.28046875 0.203125 0.28828125 0.2171875 0.31171875 0.2234375 0.32890625 0.2234375 0.33359375 0.2140625 0.34765625 0.21875 0.35234375 0.234375 0.35625 0.22890625 0.359375 0.24765625 0.3796875 0.25390625 0.365625 0.25703125 0.36796875 0.271875 0.37109375 0.259375 0.3921875 0.26328125 0.3828125 0.25078125 0.38671875 0.2484375 0.39921875 0.2625 0.41640625 0.2484375 0.42890625 0.2484375 0.43046875 0.215625 0.45078125 0.2171875 0.4703125 0.20859375 0.4625 0.18046875 0.4671875 0.17734375 0.465625 0.14765625 0.4734375 0.12890625 0.4734375 0.00234375 0.153125 0.00078125 0.15 0.30546875 0.153125 0.33203125 0.1640625 0.34921875 0.1546875 0.37421875 0.1609375 0.38359375 0.159375 0.40703125 0.17890625 0.4203125 0.18671875 0.415625 0.1796875 0.41171875 0.18515625 0.3875 0.20625 0.43828125 0.23515625 0.4453125 0.2578125 0.41171875 0.271875 0.35234375 0.2671875 0.31640625 0.24609375 0.2984375
0 0.1015625 0.20390625 0.1078125 0.17109375 0.103125 0.15078125 0.10625 0.12578125 0.121875 0.10390625 0.125 0.08515625 0.1375 0.08203125 0.125 0.06953125 0.1375 0.06015625 0.1390625 0.03359375 0.14375 0.03046875 0.1390625 0.02421875 0.1453125 0.01328125 0.13828125 0 0 0.00078125 0.00078125 0.9203125 0.015625 0.90234375 0.025 0.84765625 0.03046875 0.8546875 0.0359375 0.84609375 0.04609375 0.875 0.0609375 0.85546875 0.078125 0.70234375 0.065625 0.61171875 0.07265625 0.6015625 0.08515625 0.5984375 0.0890625 0.58828125 0.1 0.36171875 0.09375 0.29609375 0.1015625 0.26953125 0.1015625 0.20390625
0 0 0.92265625 0.01875 0.90390625 0.025 0.86171875 0.03046875 0.8671875 0.03515625 0.8625 0.0375 0.87578125 0.04375 0.87890625 0.04375 0.89765625 0.0375 0.89296875 0.0375 0.90703125 0.04375 0.91015625 0.04609375 0.9625 0.0546875 0.95703125 0.05859375 0.940625 0.0625 0.94609375 0.065625 0.93359375 0.0625 0.89921875 0.0546875 0.89609375 0.0671875 0.86171875 0.0671875 0.78203125 0.08125 0.69140625 0.0671875 0.62265625 0.07734375 0.603125 0.0953125 0.59609375 0.0890625 0.56796875 0.090625 0.51640625 0.1 0.48203125 0.1015625 0.46015625 0.096875 0.45703125 0.10625 0.43046875 0.1015625 0.42578125 0.1078125 0.41953125 0.103125 0.40703125 0.1109375 0.40234375 0.109375 0.38046875 0.103125 0.38046875 0.1109375 0.37265625 0.103125 0.35859375 0.10859375 0.359375 0.1109375 0.35234375 0.103125 0.34453125 0.12109375 0.3234375 0.1234375 0.36640625 0.12890625 0.340625 0.13125 0.36953125 0.13671875 0.353125 0.1390625 0.37265625 0.13671875 0.3828125 0.13125 0.37265625 0.12890625 0.390625 0.1234375 0.37421875 0.12265625 0.4046875 0.115625 0.38203125 0.115625 0.42734375 0.12734375 0.4296875 0.134375 0.42421875 0.125 0.41015625 0.12890625 0.39375 0.13125 0.40859375 0.13671875 0.4015625 0.13984375 0.4171875 0.1453125 0.40703125 0.140625 0.35703125 0.146875 0.31328125 0.14375 0.23359375 0.15 0.18359375 0.15 0.01640625 0.14609375 0 0 0.00078125 0 0.92265625
0 0.334375 0.57890625 0.3203125 0.55703125 0.3140625 0.55703125 0.2828125 0.60234375 0.28671875 0.6265625 0.30703125 0.6265625 0.334375 0.57890625
0 0.378125 0.48515625 0.34765625 0.490625 0.334375 0.49921875 0.33046875 0.5484375 0.34921875 0.546875 0.36015625 0.5234375 0.3796875 0.51796875 0.384375 0.49609375 0.378125 0.48515625
0 0.3875 0.63828125 0.384375 0.61484375 0.36875 0.58359375 0.36875 0.55390625 0.35 0.54921875 0.340625 0.56484375 0.3421875 0.60546875 0.3546875 0.64296875 0.3703125 0.65703125 0.37578125 0.675 0.3875 0.63828125
0 0.45625 0.58515625 0.4484375 0.52578125 0.440625 0.52109375 0.4296875 0.59296875 0.43828125 0.6171875 0.453125 0.60390625 0.45625 0.58515625
0 0.22734375 0.496875 0.2234375 0.50234375 0.24609375 0.53125 0.253125 0.50078125 0.24375 0.49609375 0.22734375 0.496875
0 0.7640625 0.67734375 0.70859375 0.6390625 0.6953125 0.63828125 0.6890625 0.65390625 0.7109375 0.68046875 0.7234375 0.71640625 0.7234375 0.73515625 0.74609375 0.746875 0.759375 0.72421875 0.7640625 0.67734375
0 0.95390625 0.5171875 0.9390625 0.51796875 0.92421875 0.521875 0.92109375 0.5328125 0.9109375 0.52890625 0.91484375 0.5203125 0.90390625 0.51875 0.9 0.55234375 0.90625 0.57734375 0.934375 0.62734375 0.95390625 0.6359375 0.9625 0.62734375 0.9625 0.60859375 0.95625 0.59921875 0.959375 0.57890625 0.953125 0.56328125 0.959375 0.52265625 0.95390625 0.5171875
0 0.659375 0.75546875 0.6421875 0.75234375 0.63984375 0.6796875 0.63046875 0.7046875 0.61796875 0.703125 0.603125 0.71171875 0.60625 0.73671875 0.61640625 0.746875 0.63515625 0.746875 0.6453125 0.76796875 0.65390625 0.7765625 0.66953125 0.775 0.6703125 0.78828125 0.68515625 0.7984375 0.7046875 0.78984375 0.7078125 0.76640625 0.72890625 0.740625 0.74140625 0.746875 0.7515625 0.74296875 0.7625 0.70859375 0.7640625 0.67890625 0.73984375 0.6578125 0.6984375 0.63671875 0.6875 0.64453125 0.6875 0.66015625 0.7 0.66953125 0.7015625 0.67890625 0.68203125 0.6796875 0.6796875 0.70078125 0.67421875 0.7 0.671875 0.70703125 0.67421875 0.7125 0.6796875 0.70859375 0.6796875 0.72734375 0.690625 0.74453125 0.68203125 0.7640625 0.66015625 0.7703125 0.65 0.76015625 0.659375 0.75546875
0 0.5265625 0.76484375 0.525 0.79453125 0.53515625 0.796875 0.5421875 0.77109375 0.5265625 0.76484375