0 0.69921875 0.553125 0.7109375 0.54453125 0.69453125 0.53125 0.68203125 0.53125 0.67578125 0.5375 0.6546875 0.53203125 0.6609375 0.48359375 0.65078125 0.4375 0.00078125 0.4703125 0.00078125 0.5640625 0.31171875 0.55625 0.40390625 0.5609375 0.65859375 0.55625 0.69921875 0.553125
0 0.99296875 0.3015625 0.00078125 0.246875 0.00234375 0.3578125 0.93515625 0.4296875 0.98515625 0.4296875 0.99375 0.42109375 0.99296875 0.3015625
0 0.52421875 0.146875 0.55546875 0.1375 0.565625 0.12265625 0.56875 0.10390625 0.5671875 0.05078125 0.54921875 0.0359375 0.50703125 0.0484375 0.47734375 0.0015625 0.11015625 0.0484375 0.00078125 0.0703125 0.00078125 0.2046875 0.19765625 0.1796875 0.28984375 0.175 0.43671875 0.1515625 0.52421875 0.146875
0 0.70078125 0.553125 0.7109375 0.54453125 0.69453125 0.53125 0.67421875 0.5375 0.6546875 0.53203125 0.6609375 0.48515625 0.65078125 0.4375 0.00078125 0.4703125 0.00078125 0.5640625 0.31640625 0.55625 0.34140625 0.5609375 0.65703125 0.55625 0.70078125 0.553125
0 0.45703125 0.6484375 0.4625 0.61328125 0.46953125 0.60625 0.53359375 0.6015625 0.61796875 0.5859375 0.64375 0.56171875 0.60703125 0.5578125 0.00078125 0.5765625 0.00078125 0.6484375 0.28671875 0.6453125 0.30390625 0.65 0.42421875 0.65 0.45703125 0.6484375
0 0.36875 0.66328125 0.36015625 0.6546875 0.00078125 0.65625 0.00078125 0.70625 0.34921875 0.7109375 0.36640625 0.70625 0.36875 0.69921875 0.36875 0.66328125
0 0.52265625 0.715625 0.51015625 0.7140625 0.00078125 0.71875 0.00078125 0.7546875 0.51640625 0.7546875 0.5234375 0.75078125 0.5265625 0.73046875 0.52265625 0.715625
0 0.5734375 0.78359375 0.571875 0.76015625 0.55859375 0.7578125 0.00078125 0.759375 0.00078125 0.784375 0.03984375 0.7890625 0.43203125 0.7921875 0.55703125 0.790625 0.5734375 0.78359375
0 0.6953125 0.81328125 0.69140625 0.7984375 0.55859375 0.7984375 0.54453125 0.79375 0.03671875 0.7890625 0.03046875 0.7953125 0.0296875 0.80703125 0.04140625 0.8125 0.16953125 0.8171875 0.68671875 0.825 0.6953125 0.81328125
0 0.16015625 0.8296875 0.17109375 0.8390625 0.43203125 0.8453125 0.54765625 0.84375 0.553125 0.83203125 0.54921875 0.825 0.46171875 0.821875 0.10546875 0.8171875 0.10078125 0.821875 0.10859375 0.8328125 0.14140625 0.834375 0.14609375 0.8296875 0.15546875 0.8359375 0.16015625 0.8296875
0 0.4953125 0.85078125 0.48671875 0.8453125 0.19921875 0.8375 0.16328125 0.8421875 0.16328125 0.8515625 0.17734375 0.8546875 0.39140625 0.8640625 0.48984375 0.8640625 0.4953125 0.85078125
0 0.30390625 0.896875 0.33203125 0.9 0.34609375 0.9140625 0.4078125 0.90859375 0.39453125 0.9 0.36015625 0.9 0.353125 0.87109375 0.3578125 0.86484375 0.35078125 0.8625 0.21171875 0.8609375 0.21640625 0.86875 0.25390625 0.8703125 0.25703125 0.884375 0.29609375 0.8875 0.30390625 0.896875
0 0.79140625 0.715625 0.7859375 0.72890625 0.77578125 0.734375 0.72890625 0.7453125 0.72890625 0.7546875 0.74140625 0.7578125 0.99921875 0.7578125 1 0.71640625 0.79140625 0.715625
0 0.99921875 0.7578125 0.95546875 0.7578125 0.94765625 0.7640625 0.9578125 0.77890625 0.953125 0.79140625 0.95703125 0.796875 1 0.79921875 0.99921875 0.7578125
0 0.91640625 0.940625 0.92734375 0.940625 0.9234375 0.93515625 0.92890625 0.93125 0.93046875 0.9421875 0.98046875 0.9421875 0.98515625 0.9328125 1 0.92734375 0.990625 0.90078125 1 0.89765625 0.99453125 0.871875 0.93203125 0.8703125 0.91796875 0.878125 0.89765625 0.8734375 0.89296875 0.8828125 0.95 0.88671875 0.86796875 0.8890625 0.884375 0.91328125 0.90234375 0.9265625 0.90390625 0.91875 0.9140625 0.92109375 0.91640625 0.940625