0 0.25390625 0.821875 0.30390625 0.8234375 0.334375 0.79921875 0.3453125 0.77578125 0.3484375 0.73828125 0.30859375 0.7109375 0.2625 0.70703125 0.24140625 0.715625 0.2078125 0.74140625 0.2125 0.78671875 0.22578125 0.8046875 0.25390625 0.821875
0 0.490625 0.50546875 0.4890625 0.56171875 0.49296875 0.5671875 0.54921875 0.5671875 0.5625 0.56015625 0.5828125 0.45390625 0.5796875 0.05859375 0.584375 0.00234375 0.4890625 0.00078125 0.49375 0.23828125 0.5171875 0.44140625 0.5171875 0.46953125 0.490625 0.50546875
0 0.70625 0.56484375 0.70234375 0.5140625 0.590625 0.50859375 0.5859375 0.53046875 0.58984375 0.5640625 0.66484375 0.56875 0.70625 0.56484375
0 0.82265625 0.5421875 0.815625 0.53671875 0.821875 0.53203125 0.81484375 0.53125 0.81015625 0.5421875 0.79921875 0.5390625 0.79453125 0.5453125 0.77109375 0.5453125 0.76484375 0.540625 0.75546875 0.553125 0.759375 0.54765625 0.75078125 0.5390625 0.72734375 0.5421875 0.715625 0.53671875 0.72421875 0.534375 0.72421875 0.528125 0.74140625 0.534375 0.73984375 0.5234375 0.7078125 0.52265625 0.71015625 0.5625 0.88046875 0.5484375 0.99296875 0.55 0.9984375 0.53359375 0.97421875 0.53125 0.99375 0.53671875 0.98046875 0.5421875 0.90859375 0.54375 0.88515625 0.5359375 0.88046875 0.54375 0.86171875 0.5375 0.85703125 0.5421875 0.84609375 0.5375 0.83828125 0.54375 0.83515625 0.5390625 0.82265625 0.5421875
0 0.33359375 0.578125 0.3203125 0.55078125 0.3140625 0.51328125 0.3171875 0.47890625 0.3046875 0.47265625 0.29375 0.48984375 0.290625 0.52578125 0.2765625 0.55234375 0.265625 0.56015625 0.30703125 0.5609375 0.33359375 0.578125
0 0.2140625 0.58359375 0.22421875 0.5890625 0.28671875 0.584375 0.2953125 0.57734375 0.2984375 0.56015625 0.2875 0.55859375 0.23515625 0.5703125 0.2140625 0.58359375
0 0.275 0.37109375 0.23203125 0.378125 0.2015625 0.39765625 0.21171875 0.3984375 0.23203125 0.415625 0.26171875 0.4078125 0.27734375 0.4140625 0.29921875 0.4109375 0.309375 0.41484375 0.3 0.41796875 0.30859375 0.41875 0.31328125 0.4265625 0.3140625 0.40234375 0.33203125 0.396875 0.3359375 0.38359375 0.30859375 0.3734375 0.275 0.37109375
0 0.378125 0.45078125 0.390625 0.40859375 0.3828125 0.39921875 0.34609375 0.4109375 0.3328125 0.42265625 0.315625 0.44453125 0.31640625 0.471875 0.3796875 0.46953125 0.365625 0.46484375 0.378125 0.45078125
0 0.40078125 0.6 0.40703125 0.59375 0.41796875 0.603125 0.44375 0.60078125 0.4484375 0.53828125 0.44375 0.51640625 0.434375 0.50703125 0.42734375 0.5140625 0.42265625 0.5078125 0.42109375 0.5140625 0.3984375 0.51953125 0.40078125 0.6
0 0.2109375 0.38984375 0.1734375 0.41484375 0.15859375 0.4453125 0.16953125 0.44375 0.17578125 0.4515625 0.2015625 0.44921875 0.215625 0.40859375 0.2171875 0.39140625 0.2109375 0.38984375
0 0.1328125 0.48046875 0.12734375 0.5296875 0.1640625 0.50234375 0.171875 0.44140625 0.1671875 0.42734375 0.1328125 0.48046875
0 0.1484375 0.56015625 0.1453125 0.54765625 0.14140625 0.55 0.13125 0.53828125 0.128125 0.52734375 0.125 0.56953125 0.134375 0.60546875 0.14453125 0.615625 0.153125 0.58671875 0.146875 0.57578125 0.1484375 0.56015625
0 0.23984375 0.6328125 0.2125 0.66015625 0.20625 0.74765625 0.21171875 0.7515625 0.215625 0.74140625 0.24453125 0.715625 0.28984375 0.7078125 0.31328125 0.715625 0.340625 0.73671875 0.34453125 0.7703125 0.35 0.74453125 0.3484375 0.68359375 0.31484375 0.6359375 0.29140625 0.6234375 0.2734375 0.62265625 0.23984375 0.6328125
0 0.42265625 0.6484375 0.4421875 0.61015625 0.4453125 0.57890625 0.44453125 0.5859375 0.4171875 0.59921875 0.4125 0.63515625 0.42265625 0.6484375