0 0.7921875 0.24296875 0.7765625 0.20234375 0.75546875 0.1828125 0.73203125 0.175 0.70546875 0.1765625 0.67421875 0.1921875 0.65625 0.21171875 0.6484375 0.25234375 0.65 0.31796875 0.65625 0.34140625 0.68203125 0.36875 0.7125 0.37734375 0.74453125 0.371875 0.7734375 0.34765625 0.7828125 0.32734375 0.7921875 0.26640625 0.7921875 0.24296875
0 0.67734375 0.4328125 0.6734375 0.43984375 0.6859375 0.52890625 0.6984375 0.52421875 0.7046875 0.51015625 0.72421875 0.4375 0.69921875 0.440625 0.67734375 0.4328125
0 0.8171875 0.39921875 0.79609375 0.4109375 0.72265625 0.4234375 0.71328125 0.4375 0.7015625 0.43984375 0.7046875 0.44453125 0.72421875 0.4453125 0.78984375 0.4203125 0.790625 0.43203125 0.80390625 0.4421875 0.8171875 0.39921875
0 0.60390625 0.3578125 0.603125 0.39140625 0.6171875 0.38359375 0.60390625 0.3578125
0 0.5546875 0.39453125 0.5484375 0.43046875 0.55 0.46796875 0.559375 0.49609375 0.5765625 0.46953125 0.5734375 0.44921875 0.5796875 0.41171875 0.56796875 0.3671875 0.5546875 0.39453125
0 0.63046875 0.5328125 0.61171875 0.534375 0.59296875 0.5453125 0.56953125 0.521875 0.5703125 0.53359375 0.5875 0.55703125 0.6453125 0.60859375 0.64296875 0.5921875 0.671875 0.59296875 0.6625 0.58203125 0.659375 0.55078125 0.63046875 0.5328125
0 0.83125 0.56640625 0.80234375 0.5546875 0.80078125 0.5484375 0.76796875 0.5484375 0.75546875 0.5546875 0.75234375 0.5484375 0.72109375 0.5484375 0.70703125 0.5546875 0.70703125 0.5484375 0.70234375 0.5546875 0.66171875 0.5625 0.6609375 0.58203125 0.64375 0.59609375 0.6421875 0.60546875 0.67265625 0.621875 0.7 0.62578125 0.74140625 0.6265625 0.77421875 0.61875 0.81484375 0.59375 0.8265625 0.58203125 0.83125 0.56640625
0 0.85703125 0.484375 0.846875 0.49921875 0.846875 0.51171875 0.8390625 0.51328125 0.828125 0.55859375 0.8296875 0.57578125 0.865625 0.51953125 0.871875 0.49140625 0.86953125 0.46875 0.8671875 0.48046875 0.85703125 0.484375
0 0.4765625 0.43984375 0.47109375 0.434375 0.44765625 0.434375 0.4328125 0.44921875 0.415625 0.54765625 0.4140625 0.71484375 0.4234375 0.99921875 0.509375 0.99921875 0.503125 0.75234375 0.48125 0.55390625 0.4859375 0.49140625 0.4765625 0.43984375
0 0.509375 0.49296875 0.50546875 0.43125 0.43984375 0.434375 0.421875 0.49140625 0.4140625 0.63671875 0.421875 0.99921875 0.5109375 0.99765625 0.5046875 0.76015625 0.48125 0.54609375 0.4828125 0.53046875 0.509375 0.49296875
0 0.40703125 0.4875 0.4078125 0.43671875 0.33515625 0.43125 0.2921875 0.43515625 0.2921875 0.47734375 0.29765625 0.484375 0.3515625 0.48984375 0.39609375 0.490625 0.4 0.48671875 0.3953125 0.47890625 0.40234375 0.4734375 0.40703125 0.4875
0 0 0.48359375 0.00546875 0.4859375 0.12890625 0.4890625 0.14453125 0.478125 0.17578125 0.484375 0.17578125 0.478125 0.19296875 0.478125 0.20625 0.49140625 0.25390625 0.490625 0.23125 0.48203125 0.28515625 0.471875 0.2859375 0.46484375 0.2796875 0.46328125 0.28203125 0.4578125 0.2859375 0.46171875 0.2859375 0.44453125 0.27734375 0.4390625 0.24296875 0.440625 0 0.46015625 0 0.48359375
0 0.25390625 0.434375 0.25625 0.41640625 0.2703125 0.41171875 0.00078125 0.434375 0 0.45703125 0.24296875 0.440625 0.253125 0.43515625 0.240625 0.43203125 0.25078125 0.4296875 0.25390625 0.434375
0 0.11328125 0.6015625 0.10625 0.60390625 0.103125 0.62109375 0.090625 0.63203125 0.09296875 0.640625 0.103125 0.64296875 0.11328125 0.64375 0.1203125 0.63671875 0.1171875 0.61953125 0.1234375 0.61171875 0.11328125 0.6015625
0 0.271875 0.70078125 0.284375 0.69140625 0.284375 0.68359375 0.27578125 0.678125 0.2671875 0.69296875 0.271875 0.70078125
0 0.0921875 0.83359375 0.1015625 0.83046875 0.11640625 0.8078125 0.0828125 0.81796875 0.08125 0.82421875 0.0921875 0.83359375