0 0.5734375 0.47890625 0.5625 0.43671875 0.55546875 0.4328125 0.49296875 0.4328125 0.4890625 0.44296875 0.490625 0.49296875 0.5171875 0.52890625 0.5171875 0.55859375 0.49375 0.76171875 0.4890625 0.99921875 0.5828125 0.99765625 0.578125 0.89140625 0.584375 0.72421875 0.5828125 0.54609375 0.5734375 0.47890625
0 0.665625 0.43671875 0.60390625 0.43125 0.584375 0.43515625 0.609375 0.43984375 0.665625 0.43671875
0 0.99453125 0.4921875 0.9953125 0.48671875 0.890625 0.48671875 0.9078125 0.49296875 0.99453125 0.4921875
0 0.88828125 0.465625 0.9 0.46484375 0.89296875 0.4734375 0.91875 0.47734375 0.99453125 0.4765625 0.996875 0.47109375 0.98828125 0.4515625 0.884375 0.46015625 0.88828125 0.465625
0 0.70390625 0.4390625 0.70078125 0.453125 0.68828125 0.4453125 0.6796875 0.45390625 0.70078125 0.459375 0.8296875 0.46015625 0.87421875 0.4609375 0.875 0.45390625 0.73671875 0.4421875 0.70859375 0.446875 0.70390625 0.4390625
0 0.60625 0.45703125 0.62265625 0.4703125 0.634375 0.47109375 0.67421875 0.46875 0.6796875 0.44453125 0.6859375 0.43984375 0.60859375 0.4328125 0.60625 0.45703125
0 0.33125 0.19609375 0.30390625 0.1765625 0.26640625 0.175 0.24453125 0.1828125 0.221875 0.19921875 0.209375 0.22421875 0.20625 0.29453125 0.2109375 0.33671875 0.24140625 0.36875 0.2625 0.37578125 0.29140625 0.3765625 0.31171875 0.3671875 0.3484375 0.31640625 0.346875 0.22890625 0.33125 0.19609375
0 0.4109375 0.42421875 0.4109375 0.48671875 0.41484375 0.49375 0.4265625 0.49453125 0.45 0.49296875 0.45 0.38828125 0.43046875 0.36875 0.41875 0.38828125 0.4109375 0.42421875
0 0.33984375 0.53125 0.315625 0.54296875 0.315625 0.55546875 0.33984375 0.5828125 0.3828125 0.60078125 0.38828125 0.6015625 0.3921875 0.59296875 0.3796875 0.55390625 0.36953125 0.540625 0.33984375 0.53125
0 0.31328125 0.578125 0.30859375 0.5875 0.28046875 0.5921875 0.23203125 0.584375 0.21484375 0.59375 0.1890625 0.59609375 0.22421875 0.61875 0.275 0.62734375 0.32734375 0.621875 0.34609375 0.6140625 0.35 0.60234375 0.31640625 0.6 0.31328125 0.578125
0 0.165625 0.57578125 0.1953125 0.60078125 0.2109375 0.59140625 0.2078125 0.56015625 0.19296875 0.546875 0.14921875 0.5453125 0.165625 0.57578125
0 0.13046875 0.5015625 0.1328125 0.52265625 0.1515625 0.55390625 0.16015625 0.5546875 0.16875 0.54296875 0.1609375 0.50390625 0.14453125 0.4984375 0.13046875 0.5015625
0 0.60703125 0.50625 0.61484375 0.496875 0.62265625 0.50625 0.64609375 0.5109375 0.67578125 0.50625 0.69296875 0.5125 0.75234375 0.509375 0.77109375 0.51875 0.78671875 0.51875 0.78515625 0.5140625 0.79921875 0.5109375 0.82265625 0.515625 0.91328125 0.5125 0.92265625 0.51875 0.965625 0.52265625 0.98984375 0.51875 1 0.50390625 0.5921875 0.48828125 0.59296875 0.503125 0.60703125 0.50625