0 0.690625 0.50078125 0.684375 0.49453125 0.6734375 0.38203125 0.65625 0.30703125 0.63125 0.26171875 0.61953125 0.25 0.5953125 0.24296875 0.59140625 0.2484375 0.57890625 0.2484375 0.55859375 0.2671875 0.44921875 0.2640625 0.39453125 0.2703125 0.38125 0.27734375 0.3796875 0.93359375 0.38671875 0.9515625 0.48828125 0.9484375 0.53828125 0.928125 0.63828125 0.9109375 0.6671875 0.88203125 0.675 0.86015625 0.6859375 0.78671875 0.7015625 0.73828125 0.6984375 0.57109375 0.69375 0.56796875 0.690625 0.50078125
0 0.5765625 0.08984375 0.59453125 0.084375 0.6078125 0.06640625 0.615625 0.03515625 0.6125 0.00078125 0.4765625 0.00078125 0.496875 0.04453125 0.49375 0.05859375 0.48984375 0.053125 0.4875 0.06171875 0.496875 0.07734375 0.4953125 0.10234375 0.49296875 0.109375 0.4875 0.10078125 0.4859375 0.12109375 0.45 0.16640625 0.440625 0.19609375 0.4421875 0.25390625 0.55234375 0.265625 0.58125 0.23984375 0.5859375 0.22890625 0.5859375 0.18671875 0.565625 0.11640625 0.5765625 0.08984375
0 0.36328125 0.33125 0.3625 0.32109375 0.3765625 0.31640625 0.375 0.18046875 0.371875 0.15859375 0.365625 0.15859375 0.34765625 0.1671875 0.3390625 0.17890625 0.3125 0.25234375 0.303125 0.36953125 0.290625 0.44140625 0.2859375 0.85390625 0.29375 0.99140625 0.30390625 0.9984375 0.33125 0.99453125 0.3203125 0.78984375 0.321875 0.63671875 0.3296875 0.47734375 0.3390625 0.38359375 0.35 0.35078125 0.3515625 0.30703125 0.35546875 0.3015625 0.359375 0.30703125 0.36328125 0.33125
0 0.240625 0.84453125 0.2390625 0.87578125 0.25546875 0.890625 0.27109375 0.8875 0.278125 0.87890625 0.275 0.83984375 0.259375 0.83359375 0.24609375 0.8359375 0.240625 0.84453125
0 0.2640625 0.94296875 0.25234375 0.94375 0.2375 0.96484375 0.24296875 1 0.275 0.99765625 0.275 0.95546875 0.2640625 0.94296875
0 0.24375 0.71953125 0.24765625 0.725 0.26953125 0.7265625 0.275 0.72265625 0.2734375 0.68515625 0.26796875 0.678125 0.253125 0.67890625 0.2421875 0.68828125 0.24375 0.71953125
0 0.2421875 0.50546875 0.2375 0.54921875 0.25234375 0.559375 0.2625 0.54609375 0.265625 0.51640625 0.25859375 0.5078125 0.2421875 0.50546875
0 0.2546875 0.39453125 0.25625 0.36640625 0.24765625 0.35625 0.23125 0.35703125 0.225 0.37890625 0.2296875 0.40390625 0.23671875 0.4078125 0.2546875 0.39453125
0 0.86484375 0.7046875 0.88984375 0.6984375 0.90234375 0.6875 0.91796875 0.6953125 0.946875 0.67890625 0.946875 0.63359375 0.94140625 0.6171875 0.87421875 0.615625 0.84921875 0.596875 0.82109375 0.590625 0.80625 0.57578125 0.7859375 0.59609375 0.790625 0.60703125 0.79921875 0.6171875 0.81171875 0.6203125 0.81484375 0.63125 0.8328125 0.63046875 0.79453125 0.6359375 0.77578125 0.646875 0.75859375 0.6375 0.74296875 0.640625 0.725 0.66171875 0.7171875 0.68203125 0.72421875 0.696875 0.73046875 0.6890625 0.7375 0.69296875 0.73125 0.71328125 0.73515625 0.7203125 0.86484375 0.7046875
0 0.76484375 0.5765625 0.75234375 0.578125 0.71875 0.55390625 0.7125 0.56015625 0.71640625 0.584375 0.74921875 0.6015625 0.76953125 0.6015625 0.77578125 0.6140625 0.79375 0.60390625 0.78203125 0.5859375 0.76484375 0.5765625
0 0.9015625 0.68828125 0.8953125 0.69921875 0.921875 0.71484375 0.9265625 0.75546875 0.93671875 0.775 0.946875 0.74453125 0.9453125 0.72109375 0.9328125 0.69453125 0.9375 0.68984375 0.9015625 0.68828125