0 0.6828125 0.51015625 0.690625 0.49921875 0.6984375 0.42109375 0.7015625 0.26328125 0.6859375 0.21328125 0.675 0.14140625 0.6671875 0.11953125 0.64453125 0.09375 0.61015625 0.08125 0.54609375 0.0734375 0.48984375 0.0515625 0.38828125 0.0484375 0.3796875 0.06640625 0.38125 0.72109375 0.38671875 0.728125 0.45078125 0.7359375 0.55859375 0.7328125 0.57890625 0.7515625 0.59375 0.75703125 0.61328125 0.753125 0.63125 0.73984375 0.65625 0.69296875 0.6734375 0.61640625 0.6828125 0.51015625
0 0.346875 0.66796875 0.3375 0.63203125 0.31875 0.33671875 0.31875 0.20546875 0.3296875 0.00390625 0.30546875 0.0015625 0.29375 0.00859375 0.2859375 0.13671875 0.2875 0.52890625 0.303125 0.63203125 0.3109375 0.74609375 0.3359375 0.82109375 0.3671875 0.84453125 0.3765625 0.84140625 0.3765625 0.80078125 0.3671875 0.78984375 0.3546875 0.74765625 0.346875 0.66796875
0 0.59453125 0.915625 0.575 0.90859375 0.565625 0.88359375 0.5859375 0.81328125 0.5859375 0.77109375 0.55390625 0.734375 0.44609375 0.7421875 0.440625 0.74921875 0.4390625 0.79140625 0.4453125 0.82109375 0.459375 0.84921875 0.4859375 0.87890625 0.4875 0.89140625 0.4953125 0.89453125 0.496875 0.94609375 0.503125 0.94140625 0.4796875 0.99921875 0.61015625 1 0.6125 0.99453125 0.615625 0.96640625 0.6078125 0.93359375 0.59453125 0.915625
0 0.94296875 0.38125 0.946875 0.32109375 0.92109375 0.3046875 0.90234375 0.3125 0.88984375 0.3015625 0.86484375 0.2953125 0.73515625 0.2796875 0.7328125 0.29921875 0.7375 0.30703125 0.721875 0.31328125 0.721875 0.33203125 0.74765625 0.3625 0.77734375 0.353125 0.79296875 0.3625 0.8359375 0.36953125 0.77578125 0.403125 0.77734375 0.4109375 0.76328125 0.4109375 0.765625 0.41640625 0.7578125 0.41796875 0.76640625 0.4203125 0.79140625 0.40625 0.8046875 0.42265625 0.81171875 0.4234375 0.82265625 0.4078125 0.85078125 0.4015625 0.87265625 0.384375 0.94296875 0.38125
0 0.2390625 0.12421875 0.240625 0.15546875 0.24609375 0.1640625 0.259375 0.16640625 0.275 0.16015625 0.278125 0.11953125 0.25546875 0.109375 0.24609375 0.1125 0.2390625 0.12421875
0 0.2375 0.03515625 0.25234375 0.05625 0.2640625 0.05703125 0.2734375 0.05234375 0.2765625 0.03828125 0.275 0.00078125 0.24296875 0 0.2375 0.03515625
0 0.24765625 0.275 0.24375 0.28046875 0.2421875 0.31171875 0.253125 0.32109375 0.26796875 0.321875 0.2734375 0.31484375 0.275 0.27734375 0.26953125 0.2734375 0.24765625 0.275
0 0.2375 0.45234375 0.2421875 0.49453125 0.25859375 0.4921875 0.265625 0.48359375 0.2625 0.45390625 0.25234375 0.440625 0.2375 0.45234375
0 0.2296875 0.59609375 0.225 0.62109375 0.23125 0.64296875 0.24765625 0.64375 0.25625 0.63203125 0.2546875 0.60546875 0.23671875 0.5921875 0.2296875 0.59609375
0 0.246875 0.74765625 0.24453125 0.709375 0.2171875 0.71015625 0.2171875 0.75234375 0.246875 0.74765625
0 0.90546875 0.5796875 0.89765625 0.5859375 0.89765625 0.5796875 0.88046875 0.578125 0.8703125 0.58203125 0.87265625 0.5859375 0.84140625 0.5875 0.82265625 0.5953125 0.81953125 0.5890625 0.80859375 0.5875 0.78671875 0.6015625 0.77890625 0.59375 0.77578125 0.6015625 0.77109375 0.59375 0.76015625 0.603125 0.74921875 0.6015625 0.74921875 0.5953125 0.74453125 0.603125 0.72109375 0.60625 0.70078125 0.6015625 0.68984375 0.6171875 0.684375 0.59765625 0.665625 0.66015625 0.66484375 0.684375 0.76484375 0.6953125 0.8609375 0.69609375 0.87578125 0.6890625 0.8953125 0.66640625 0.9109375 0.63046875 0.92109375 0.5796875 0.90546875 0.5796875