0 0.5515625 0.56640625 0.5546875 0.53046875 0.51171875 0.496875 0.31640625 0.490625 0.2890625 0.50703125 0.2796875 0.53515625 0.28046875 0.55625 0.29375 0.59296875 0.31796875 0.60625 0.51015625 0.6078125 0.51953125 0.60625 0.5515625 0.56640625
0 0.3640625 0.43671875 0.35234375 0.4046875 0.32734375 0.40625 0.30859375 0.4328125 0.28984375 0.434375 0.2625 0.45234375 0.2421875 0.52109375 0.23828125 0.5703125 0.2453125 0.59765625 0.246875 0.66328125 0.26953125 0.6875 0.31328125 0.68125 0.396875 0.61328125 0.38359375 0.6078125 0.30234375 0.60625 0.2890625 0.59609375 0.275 0.56953125 0.271875 0.52890625 0.28125 0.51171875 0.29921875 0.49375 0.33515625 0.4765625 0.3578125 0.44609375 0.359375 0.43515625 0.3640625 0.43671875
0 0.46328125 0.4796875 0.48828125 0.4875 0.53359375 0.4859375 0.59921875 0.4734375 0.6046875 0.46015625 0.58359375 0.45 0.53203125 0.44375 0.50546875 0.453125 0.46328125 0.4796875
0 0.51953125 0.4125 0.49765625 0.4171875 0.49453125 0.4234375 0.50078125 0.43125 0.52421875 0.4375 0.57734375 0.4328125 0.5859375 0.42734375 0.58359375 0.41875 0.55234375 0.4125 0.51953125 0.4125
0 0.46953125 0.4140625 0.48984375 0.4125 0.49375 0.40703125 0.44453125 0.403125 0.44140625 0.4109375 0.46953125 0.4140625
0 0.60859375 0.278125 0.6296875 0.25546875 0.640625 0.22890625 0.62734375 0.203125 0.59453125 0.1765625 0.57265625 0.16875 0.48671875 0.1796875 0.46875 0.20390625 0.46796875 0.2265625 0.4734375 0.25546875 0.49296875 0.2796875 0.56171875 0.284375 0.60859375 0.278125
0 0.41171875 0.2828125 0.58671875 0.284375 0.60703125 0.2796875 0.628125 0.25859375 0.640625 0.22734375 0.62578125 0.2015625 0.59765625 0.178125 0.57578125 0.16875 0.49140625 0.1765625 0.41171875 0.1734375 0.4015625 0.17890625 0.384375 0.21796875 0.38515625 0.2375 0.396875 0.27578125 0.41171875 0.2828125
0 0.34921875 0.1296875 0.3078125 0.19296875 0.265625 0.23359375 0.26328125 0.2546875 0.27890625 0.2890625 0.30234375 0.29375 0.33203125 0.309375 0.39140625 0.2890625 0.3984375 0.28203125 0.390625 0.27109375 0.3828125 0.22265625 0.4 0.18828125 0.3984375 0.17734375 0.41953125 0.1671875 0.42734375 0.1546875 0.44296875 0.15 0.4671875 0.13046875 0.4671875 0.12421875 0.41796875 0.1109375 0.34921875 0.1296875
0 0.56015625 0.9296875 0.58984375 0.91875 0.61875 0.88984375 0.6203125 0.85546875 0.60078125 0.8328125 0.54609375 0.8109375 0.38984375 0.8046875 0.36796875 0.81875 0.359375 0.83203125 0.3484375 0.86484375 0.34921875 0.8875 0.3625 0.91015625 0.37734375 0.91875 0.56015625 0.9296875
0 0.45390625 0.753125 0.4578125 0.76171875 0.4453125 0.77265625 0.453125 0.78515625 0.43828125 0.7984375 0.43046875 0.790625 0.428125 0.79609375 0.43515625 0.803125 0.38359375 0.80625 0.3625 0.82421875 0.3484375 0.85859375 0.34765625 0.884375 0.36171875 0.909375 0.38515625 0.91875 0.52109375 0.9296875 0.58359375 0.9234375 0.6203125 0.88671875 0.6203125 0.85546875 0.6015625 0.82890625 0.63515625 0.8109375 0.66171875 0.80625 0.665625 0.79921875 0.62890625 0.76875 0.56484375 0.753125 0.50859375 0.7484375 0.49765625 0.7609375 0.48671875 0.753125 0.45390625 0.753125
0 0.665625 0.80078125 0.66171875 0.7921875 0.62890625 0.76875 0.54453125 0.75625 0.53359375 0.75 0.50078125 0.753125 0.49765625 0.7609375 0.48515625 0.753125 0.36328125 0.753125 0.36015625 0.759375 0.375 0.76171875 0.33671875 0.765625 0.309375 0.78671875 0.296875 0.80390625 0.29609375 0.8234375 0.2984375 0.87578125 0.31328125 0.9 0.33671875 0.9109375 0.35234375 0.9140625 0.35546875 0.909375 0.38359375 0.921875 0.44140625 0.9203125 0.51640625 0.93125 0.56015625 0.93125 0.59453125 0.9203125 0.621875 0.88671875 0.6234375 0.86015625 0.6046875 0.83203125 0.62734375 0.815625 0.66328125 0.80625 0.665625 0.80078125