0 0.2375 0.48515625 0.2453125 0.47109375 0.2421875 0.46484375 0.25234375 0.465625 0.246875 0.47109375 0.26171875 0.4828125 0.26484375 0.4734375 0.27421875 0.4796875 0.33125 0.45078125 0.3609375 0.39296875 0.3625 0.36328125 0.3703125 0.36171875 0.3625 0.35859375 0.3640625 0.35078125 0.36796875 0.3546875 0.37265625 0.346875 0.3765625 0.35390625 0.38671875 0.3203125 0.39375 0.33828125 0.3984375 0.28671875 0.40390625 0.284375 0.409375 0.31015625 0.4046875 0.31484375 0.421875 0.36015625 0.48125 0.42734375 0.4890625 0.46015625 0.484375 0.46484375 0.4984375 0.47421875 0.5046875 0.51328125 0.5 0.51796875 0.5125 0.53828125 0.5234375 0.57578125 0.53828125 0.590625 0.56796875 0.5984375 0.6375 0.43515625 0.66796875 0.38125 0.69453125 0.3734375 0.72109375 0.3796875 0.73828125 0.3765625 0.79453125 0.328125 0.84453125 0.325 0.89140625 0.3046875 0.8984375 0.29609375 0.9171875 0.24765625 0.94375 0.21171875 0.94375 0.15703125 0.9390625 0.15390625 0.9453125 0.14453125 0.94375 0.11015625 0.915625 0.05546875 0.90234375 0.0453125 0.8625 0.04765625 0.903125 0.03671875 0.903125 0.00078125 0.00078125 0 0.00078125 0.4890625 0.12109375 0.4890625 0.15234375 0.4953125 0.1765625 0.52265625 0.18046875 0.540625 0.19921875 0.5421875 0.20078125 0.5515625 0.21484375 0.553125 0.21953125 0.5609375 0.22265625 0.553125 0.22734375 0.5671875 0.2375 0.54921875 0.228125 0.54609375 0.2265625 0.52578125 0.23828125 0.5203125 0.24296875 0.5359375 0.25 0.51796875 0.2453125 0.48671875 0.2375 0.48515625
0 0.5984375 0.71484375 0.6109375 0.70234375 0.60625 0.69921875 0.6359375 0.67109375 0.6265625 0.66015625 0.6359375 0.65546875 0.625 0.64453125 0.628125 0.61953125 0.60703125 0.621875 0.603125 0.61953125 0.61171875 0.61875 0.61015625 0.6140625 0.58203125 0.6078125 0.56328125 0.621875 0.55234375 0.60625 0.53984375 0.60625 0.53671875 0.5984375 0.51171875 0.596875 0.50859375 0.6078125 0.48828125 0.6078125 0.47890625 0.615625 0.47421875 0.6125 0.4734375 0.61953125 0.46328125 0.625 0.44921875 0.621875 0.41953125 0.634375 0.4046875 0.65546875 0.409375 0.66640625 0.4015625 0.66640625 0.4 0.72421875 0.38984375 0.7265625 0.403125 0.73046875 0.3921875 0.76171875 0.396875 0.81015625 0.390625 0.81640625 0.396875 0.82265625 0.4015625 0.85234375 0.43984375 0.884375 0.47890625 0.8828125 0.52109375 0.890625 0.57421875 0.9546875 0.58046875 0.959375 0.58828125 0.95625 0.5859375 0.88671875 0.5640625 0.86484375 0.5671875 0.80703125 0.58125 0.78984375 0.5875 0.74609375 0.5984375 0.71484375
0 0.515625 0.57109375 0.49296875 0.50625 0.48828125 0.5109375 0.48515625 0.5046875 0.48203125 0.5109375 0.47734375 0.5046875 0.45234375 0.5046875 0.44765625 0.5109375 0.44609375 0.5046875 0.43984375 0.5109375 0.4421875 0.50703125 0.43515625 0.503125 0.39453125 0.5 0.38671875 0.490625 0.36796875 0.4984375 0.35703125 0.5125 0.33515625 0.51875 0.3140625 0.55390625 0.3046875 0.55703125 0.2953125 0.61484375 0.28125 0.62890625 0.2859375 0.63671875 0.28046875 0.6453125 0.29140625 0.659375 0.325 0.66328125 0.31171875 0.665625 0.31171875 0.671875 0.37734375 0.6734375 0.38359375 0.684375 0.38984375 0.678125 0.41640625 0.6796875 0.43046875 0.6640625 0.44140625 0.665625 0.44609375 0.6796875 0.48984375 0.68125 0.5015625 0.67109375 0.49375 0.64453125 0.52109375 0.640625 0.5234375 0.61640625 0.5359375 0.60234375 0.515625 0.57109375
0 0.28984375 0.8046875 0.29609375 0.8125 0.38359375 0.8140625 0.4015625 0.80859375 0.421875 0.78046875 0.4140625 0.76953125 0.421875 0.76796875 0.4234375 0.75390625 0.41484375 0.753125 0.4046875 0.73828125 0.41875 0.73359375 0.4015625 0.72421875 0.39609375 0.684375 0.38359375 0.6859375 0.37578125 0.7015625 0.33359375 0.7 0.32109375 0.6921875 0.2921875 0.69453125 0.28984375 0.8046875
0 0.09765625 0.725 0 0.74609375 0.00078125 1 0.2125 0.99921875 0.209375 0.95390625 0.2296875 0.92734375 0.23125 0.91171875 0.2078125 0.75390625 0.19140625 0.725 0.18359375 0.7203125 0.09765625 0.725
0 0.97890625 0.3296875 0.99140625 0.328125 0.99140625 0.340625 0.94296875 0.33125 0.91953125 0.3375 0.915625 0.34765625 0.8671875 0.38984375 0.86328125 0.4078125 0.87734375 0.4375 0.88984375 0.43125 0.8984375 0.43984375 0.8921875 0.44296875 0.89296875 0.453125 0.90390625 0.4453125 0.90703125 0.453125 0.92890625 0.4515625 0.9453125 0.46328125 0.94453125 0.4765625 0.97890625 0.48125 1 0.44765625 0.996875 0.31171875 0.984375 0.31796875 0.98671875 0.3234375 0.96875 0.31796875 0.978125 0.32109375 0.97890625 0.3296875
0 0.80078125 0.7265625 0.859375 0.72265625 0.8609375 0.67421875 0.8796875 0.66328125 0.8984375 0.63515625 0.925 0.56953125 0.92109375 0.5625 0.90859375 0.5625 0.90546875 0.55625 0.87734375 0.559375 0.86015625 0.5734375 0.83203125 0.5765625 0.81875 0.58828125 0.815625 0.64765625 0.8109375 0.66796875 0.7984375 0.67421875 0.79765625 0.715625 0.80078125 0.7265625
0 0.7875 0.81015625 0.784375 0.78203125 0.73515625 0.78125 0.73203125 0.815625 0.7359375 0.83046875 0.74453125 0.8359375 0.78046875 0.8328125 0.7875 0.81015625
0 0.92421875 0.5765625 0.965625 0.52109375 0.975 0.49453125 0.96796875 0.5 0.95390625 0.484375 0.92109375 0.4859375 0.90703125 0.4953125 0.88515625 0.4875 0.87578125 0.490625 0.86875 0.49765625 0.85234375 0.5625 0.88515625 0.575 0.91015625 0.571875 0.91640625 0.578125 0.92421875 0.5765625
0 0.81484375 0.5078125 0.82734375 0.5078125 0.84375 0.49296875 0.84375 0.46015625 0.79765625 0.4515625 0.775 0.47734375 0.77578125 0.4875 0.80390625 0.496875 0.81484375 0.5078125
0 0.934375 0.31015625 0.93828125 0.328125 0.99921875 0.315625 1 0.22578125 0.98359375 0.2234375 0.95234375 0.2390625 0.91796875 0.296875 0.92109375 0.3078125 0.934375 0.31015625
0 0.7984375 0.95703125 0.79375 0.97265625 0.77109375 1 1 0.99921875 0.99921875 0.6765625 0.965625 0.71484375 0.9484375 0.76015625 0.91875 0.79296875 0.88125 0.86015625 0.8296875 0.93203125 0.7984375 0.95703125