0 0.6734375 0.79609375 0.675 0.84453125 0.70078125 0.896875 0.76171875 0.9203125 0.78828125 0.9453125 0.89921875 0.9421875 0.94453125 0.9171875 0.9515625 0.90546875 0.946875 0.83984375 0.934375 0.79140625 0.89921875 0.76875 0.83046875 0.7453125 0.8140625 0.73359375 0.8140625 0.71953125 0.83515625 0.7046875 0.846875 0.68671875 0.85 0.64921875 0.84375 0.60546875 0.8171875 0.55078125 0.8046875 0.50234375 0.74765625 0.4265625 0.72109375 0.409375 0.6828125 0.40859375 0.63515625 0.4265625 0.60859375 0.4546875 0.56796875 0.484375 0.51640625 0.503125 0.48046875 0.50625 0.42890625 0.5234375 0.40625 0.54921875 0.4 0.56796875 0.43515625 0.578125 0.45234375 0.590625 0.56484375 0.6359375 0.6234375 0.66953125 0.6265625 0.70078125 0.61875 0.71953125 0.6203125 0.73515625 0.6734375 0.79609375
0 0.21640625 0.58125 0.23984375 0.584375 0.28515625 0.603125 0.334375 0.64453125 0.34453125 0.6671875 0.41484375 0.6671875 0.409375 0.66171875 0.409375 0.63671875 0.4171875 0.63046875 0.4234375 0.58828125 0.39453125 0.58125 0.384375 0.56796875 0.384375 0.55703125 0.396875 0.55234375 0.4078125 0.52578125 0.4203125 0.51484375 0.4140625 0.50078125 0.4234375 0.49765625 0.41015625 0.484375 0.38984375 0.4828125 0.3875 0.47421875 0.375 0.46796875 0.3671875 0.43671875 0.34453125 0.425 0.32578125 0.4234375 0.31640625 0.415625 0.29296875 0.415625 0.28046875 0.4234375 0.26640625 0.415625 0.26171875 0.421875 0.19921875 0.4234375 0.18828125 0.434375 0.190625 0.42578125 0.1828125 0.40703125 0.1671875 0.41953125 0.15703125 0.440625 0.14296875 0.44375 0.1390625 0.43828125 0.14375 0.43359375 0.13671875 0.425 0.13359375 0.4328125 0.1203125 0.43671875 0.115625 0.45078125 0.11875 0.47734375 0.1109375 0.49609375 0.1109375 0.54453125 0.13515625 0.55625 0.18046875 0.5609375 0.21484375 0.5734375 0.21640625 0.58125
0 1 0.55234375 0.94296875 0.5453125 0.90078125 0.525 0.87109375 0.4984375 0.815625 0.49609375 0.8109375 0.50234375 0.8171875 0.53671875 0.8515625 0.61796875 0.859375 0.68671875 0.8578125 0.70078125 0.83046875 0.71875 0.825 0.72890625 0.84296875 0.7421875 0.86953125 0.746875 0.9359375 0.78515625 0.9515625 0.82890625 0.9546875 0.86953125 0.965625 0.89765625 0.97421875 0.9046875 0.99921875 0.9046875 1 0.55234375
0 0.7140625 0.35546875 0.725 0.40078125 0.7890625 0.46953125 0.81484375 0.515625 0.8140625 0.48828125 0.8 0.47109375 0.79375 0.43046875 0.79921875 0.4375 0.8015625 0.34453125 0.8171875 0.33984375 0.80234375 0.3203125 0.78515625 0.3125 0.734375 0.30234375 0.7234375 0.30859375 0.7140625 0.35546875
0 0.853125 0.62890625 0.8578125 0.69296875 0.84140625 0.7109375 0.83046875 0.7125 0.821875 0.72890625 0.84609375 0.7453125 0.87109375 0.7484375 0.93203125 0.78125 0.9515625 0.82734375 0.9625 0.89609375 0.97109375 0.9046875 0.99921875 0.903125 1 0.38515625 0.97890625 0.3703125 0.93828125 0.3609375 0.93359375 0.3546875 0.91640625 0.353125 0.91328125 0.3625 0.90078125 0.353125 0.88984375 0.359375 0.86953125 0.35 0.86484375 0.35625 0.83984375 0.346875 0.80703125 0.3453125 0.80234375 0.35 0.796875 0.34140625 0.803125 0.33203125 0.79140625 0.3171875 0.65234375 0.2796875 0.62890625 0.2640625 0.54375 0.24609375 0.5234375 0.26328125 0.515625 0.28515625 0.521875 0.28671875 0.5234375 0.29765625 0.54921875 0.3328125 0.63671875 0.36875 0.65703125 0.384375 0.68203125 0.3875 0.68984375 0.3953125 0.73515625 0.4 0.7609375 0.43828125 0.7890625 0.46484375 0.80625 0.48984375 0.821875 0.54921875 0.84375 0.59296875 0.853125 0.62890625
0 0.43359375 0.85 0.4234375 0.82578125 0.40703125 0.8125 0.33984375 0.8109375 0.3328125 0.80390625 0.3265625 0.87109375 0.36484375 0.9 0.44765625 0.9359375 0.4671875 0.89453125 0.4625 0.86640625 0.43359375 0.85
0 0.67421875 1 0.67734375 0.99375 0.659375 0.99140625 0.6671875 0.94453125 0.6625 0.92109375 0.63046875 0.909375 0.6265625 0.89296875 0.60859375 0.86875 0.5890625 0.86640625 0.5765625 0.88046875 0.571875 0.90546875 0.5515625 0.92578125 0.54375 0.95859375 0.53984375 0.9625 0.53671875 0.9578125 0.53359375 0.96875 0.5265625 0.96015625 0.525 0.97890625 0.54921875 1 0.67421875 1
0 0.07890625 0.2328125 0.18359375 0.2171875 0.22734375 0.2203125 0.25859375 0.2078125 0.2765625 0.19140625 0.28125 0.18359375 0.2765625 0.10859375 0.25546875 0 0 0.00078125 0.00078125 0.2203125 0.01015625 0.2125 0.04921875 0.2125 0.07890625 0.2328125
0 0.13984375 0.88125 0.06796875 0.8296875 0.04296875 0.7984375 0.02734375 0.79375 0 0.77109375 0.00078125 1 0.3234375 0.99921875 0.28671875 0.9671875 0.23984375 0.9484375 0.20703125 0.91875 0.13984375 0.88125
0 0.13046875 0.6875 0.1265625 0.67890625 0.13125 0.66953125 0.1203125 0.66484375 0.1171875 0.60703125 0.06875 0.60703125 0.0625 0.62734375 0.0640625 0.70859375 0.10859375 0.7390625 0.12890625 0.7390625 0.1203125 0.73203125 0.146875 0.72421875 0.14765625 0.6953125 0.15546875 0.7046875 0.1765625 0.70078125 0.16640625 0.6984375 0.159375 0.68515625 0.16796875 0.6765625 0.1734375 0.68515625 0.1734375 0.66484375 0.14453125 0.659375 0.13046875 0.6875
0 0.26484375 0.7640625 0.25859375 0.7625 0.25234375 0.7703125 0.25078125 0.7640625 0.22265625 0.7625 0.2203125 0.73515625 0.1921875 0.72734375 0.16796875 0.7296875 0.15625 0.73671875 0.14921875 0.753125 0.1328125 0.75234375 0.15546875 0.759375 0.16953125 0.7828125 0.20859375 0.7953125 0.24296875 0.8203125 0.27109375 0.828125 0.27734375 0.8578125 0.3296875 0.85703125 0.32578125 0.796875 0.28671875 0.78125 0.27421875 0.7703125 0.26484375 0.771875 0.26484375 0.7640625