0 0.90234375 0.9546875 0.915625 0.94453125 0.94375 0.88984375 0.9453125 0.85546875 0.9390625 0.84609375 0.94375 0.84296875 0.94375 0.78828125 0.9171875 0.75234375 0.8984375 0.70390625 0.89140625 0.6953125 0.84453125 0.675 0.79453125 0.671875 0.73828125 0.6234375 0.72109375 0.6203125 0.69453125 0.6265625 0.66796875 0.61875 0.6375 0.56484375 0.56796875 0.4015625 0.53828125 0.409375 0.5234375 0.42421875 0.5125 0.46171875 0.5 0.48203125 0.5046875 0.48671875 0.4984375 0.52578125 0.484375 0.53515625 0.4890625 0.53984375 0.48125 0.57265625 0.421875 0.63984375 0.4046875 0.68515625 0.409375 0.68984375 0.40390625 0.715625 0.3984375 0.71328125 0.39375 0.66171875 0.38671875 0.6796875 0.3765625 0.64609375 0.37265625 0.653125 0.36796875 0.6453125 0.3640625 0.64921875 0.3625 0.64140625 0.3703125 0.63828125 0.3625 0.63671875 0.3609375 0.60703125 0.33125 0.54921875 0.27421875 0.5203125 0.26484375 0.5265625 0.26171875 0.5171875 0.246875 0.52890625 0.25234375 0.534375 0.2421875 0.53515625 0.2453125 0.52890625 0.2375 0.51484375 0.2453125 0.51328125 0.25 0.48203125 0.24296875 0.4640625 0.23828125 0.4796875 0.2265625 0.47421875 0.228125 0.45390625 0.2375 0.45078125 0.22734375 0.4328125 0.22265625 0.446875 0.21953125 0.4390625 0.21484375 0.446875 0.20078125 0.4484375 0.19921875 0.4578125 0.18046875 0.459375 0.1765625 0.47734375 0.15234375 0.5046875 0.12109375 0.5109375 0.00078125 0.5109375 0.00078125 1 0.903125 0.99921875 0.903125 0.96328125 0.8625 0.95234375 0.90234375 0.9546875
0 0.41953125 0.365625 0.44921875 0.378125 0.46328125 0.375 0.4734375 0.38046875 0.47421875 0.3875 0.47890625 0.384375 0.48828125 0.3921875 0.50859375 0.3921875 0.51171875 0.403125 0.53671875 0.4015625 0.53984375 0.39375 0.55234375 0.39375 0.56328125 0.378125 0.58203125 0.3921875 0.61015625 0.3859375 0.61171875 0.38125 0.603125 0.38046875 0.60703125 0.378125 0.628125 0.38046875 0.625 0.35546875 0.6359375 0.34453125 0.6265625 0.33984375 0.6359375 0.32890625 0.60625 0.30078125 0.6109375 0.29765625 0.5984375 0.28515625 0.5875 0.25390625 0.58125 0.21015625 0.5671875 0.19296875 0.5640625 0.13515625 0.5859375 0.11328125 0.58828125 0.04375 0.58046875 0.040625 0.57421875 0.0453125 0.52109375 0.109375 0.47890625 0.1171875 0.43984375 0.115625 0.4015625 0.14765625 0.396875 0.17734375 0.390625 0.18359375 0.396875 0.18984375 0.3921875 0.23828125 0.403125 0.26953125 0.38984375 0.2734375 0.4 0.27578125 0.4015625 0.33359375 0.409375 0.33359375 0.4046875 0.34453125 0.41953125 0.365625
0 0.3140625 0.44609375 0.33515625 0.48125 0.35703125 0.4875 0.36796875 0.5015625 0.38671875 0.509375 0.39453125 0.5 0.43515625 0.496875 0.4421875 0.49296875 0.43984375 0.4890625 0.44609375 0.4953125 0.44765625 0.4890625 0.45234375 0.4953125 0.47734375 0.4953125 0.48203125 0.4890625 0.48515625 0.4953125 0.48828125 0.4890625 0.49296875 0.49375 0.515625 0.42890625 0.5359375 0.39765625 0.5234375 0.38359375 0.52109375 0.359375 0.49375 0.35546875 0.5015625 0.32890625 0.48984375 0.31875 0.44609375 0.3203125 0.44140625 0.334375 0.43046875 0.3359375 0.41640625 0.3203125 0.38984375 0.321875 0.38359375 0.315625 0.37734375 0.3265625 0.31171875 0.328125 0.31171875 0.334375 0.325 0.33671875 0.29140625 0.340625 0.28046875 0.3546875 0.2859375 0.36328125 0.28125 0.37109375 0.2953125 0.38515625 0.3046875 0.44296875 0.3140625 0.44609375
0 0.38359375 0.3140625 0.39609375 0.315625 0.4015625 0.27578125 0.41875 0.26640625 0.4046875 0.26171875 0.41484375 0.246875 0.4234375 0.24609375 0.421875 0.23203125 0.4140625 0.23046875 0.421875 0.21953125 0.4015625 0.19140625 0.38359375 0.1859375 0.29609375 0.1875 0.28984375 0.1953125 0.2921875 0.30546875 0.32109375 0.3078125 0.33359375 0.3 0.37578125 0.2984375 0.38359375 0.3140625
0 0.2078125 0.24609375 0.23125 0.08828125 0.2296875 0.07265625 0.209375 0.04609375 0.2125 0.00078125 0.00078125 0 0 0.25390625 0.09765625 0.275 0.18359375 0.2796875 0.19140625 0.275 0.2078125 0.24609375
0 0.99140625 0.659375 0.99140625 0.671875 0.97890625 0.6703125 0.978125 0.67890625 0.96875 0.68203125 0.98671875 0.6765625 0.984375 0.68203125 0.996875 0.68828125 1 0.55234375 0.97890625 0.51875 0.94453125 0.5234375 0.9453125 0.53671875 0.92890625 0.5484375 0.90703125 0.546875 0.90390625 0.5546875 0.89296875 0.546875 0.8921875 0.55703125 0.8984375 0.56015625 0.88984375 0.56875 0.87734375 0.5625 0.86328125 0.5921875 0.8671875 0.61015625 0.915625 0.65234375 0.91953125 0.6625 0.94296875 0.66875 0.99140625 0.659375
0 0.83203125 0.4234375 0.86015625 0.4265625 0.87734375 0.440625 0.90546875 0.44375 0.90859375 0.4375 0.92109375 0.4375 0.925 0.43046875 0.8984375 0.36484375 0.8796875 0.33671875 0.8609375 0.32578125 0.859375 0.27734375 0.80078125 0.2734375 0.79765625 0.284375 0.7984375 0.32578125 0.8109375 0.33203125 0.815625 0.35234375 0.81875 0.41171875 0.83203125 0.4234375
0 0.74453125 0.1640625 0.7359375 0.16953125 0.73203125 0.184375 0.73515625 0.21875 0.784375 0.21796875 0.7875 0.18984375 0.78046875 0.1671875 0.74453125 0.1640625
0 0.92109375 0.5140625 0.95390625 0.515625 0.96796875 0.5 0.975 0.50546875 0.965625 0.47890625 0.92421875 0.4234375 0.91640625 0.421875 0.91015625 0.428125 0.88515625 0.425 0.85234375 0.4375 0.86875 0.50234375 0.87578125 0.509375 0.88515625 0.5125 0.90703125 0.5046875 0.92109375 0.5140625
0 0.82734375 0.4921875 0.81484375 0.4921875 0.80390625 0.503125 0.77578125 0.5125 0.775 0.52265625 0.79765625 0.5484375 0.84375 0.53984375 0.84375 0.50703125 0.82734375 0.4921875
0 0.93828125 0.671875 0.934375 0.68984375 0.92109375 0.6921875 0.91796875 0.703125 0.95234375 0.7609375 0.98359375 0.7765625 1 0.77421875 0.99921875 0.684375 0.93828125 0.671875
0 0.91875 0.20703125 0.9484375 0.23984375 0.965625 0.28515625 0.99921875 0.3234375 1 0.00078125 0.77109375 0 0.79375 0.02734375 0.7984375 0.04296875 0.8296875 0.06796875 0.88125 0.13984375 0.91875 0.20703125