0 0.4546875 0.59921875 0.46796875 0.6046875 0.48046875 0.58125 0.496875 0.61328125 0.51171875 0.6203125 0.5203125 0.55703125 0.5125 0.53984375 0.49375 0.52109375 0.484375 0.46015625 0.4734375 0.46640625 0.4671875 0.48984375 0.4453125 0.52421875 0.45 0.58359375 0.4546875 0.59921875
0 0.56328125 0.5546875 0.56953125 0.5609375 0.5703125 0.54765625 0.60625 0.51953125 0.6078125 0.51015625 0.6078125 0.32890625 0.59453125 0.2953125 0.56640625 0.2796875 0.540625 0.27890625 0.50390625 0.290625 0.490625 0.31796875 0.496875 0.51328125 0.52890625 0.553125 0.56328125 0.5546875
0 0.22890625 0.640625 0.25546875 0.6296875 0.278125 0.60859375 0.284375 0.56640625 0.2796875 0.49296875 0.25234375 0.471875 0.2265625 0.46796875 0.19921875 0.4703125 0.1796875 0.48671875 0.16875 0.57578125 0.203125 0.62734375 0.22890625 0.640625
0 0.16875 0.57734375 0.178125 0.59765625 0.20703125 0.63125 0.22734375 0.640625 0.25859375 0.628125 0.28125 0.60390625 0.284375 0.58671875 0.2828125 0.41171875 0.27421875 0.396875 0.2359375 0.38515625 0.21796875 0.384375 0.175 0.40703125 0.1765625 0.49140625 0.16875 0.54140625 0.16875 0.57734375
0 0.12421875 0.4671875 0.12890625 0.46875 0.15 0.44296875 0.1546875 0.42734375 0.1671875 0.41953125 0.17734375 0.3984375 0.18984375 0.4 0.22421875 0.3828125 0.27109375 0.390625 0.28046875 0.3984375 0.2890625 0.39140625 0.309375 0.33203125 0.29375 0.30234375 0.2890625 0.27890625 0.2546875 0.26328125 0.23359375 0.265625 0.19296875 0.3078125 0.1296875 0.34921875 0.1109375 0.41796875 0.12421875 0.4671875
0 0.8203125 0.57265625 0.8296875 0.57734375 0.834375 0.60234375 0.85546875 0.6203125 0.89296875 0.615625 0.9203125 0.58671875 0.9296875 0.55859375 0.91875 0.37734375 0.91015625 0.3625 0.8875 0.34921875 0.86640625 0.3484375 0.82421875 0.3640625 0.8046875 0.39453125 0.8109375 0.54296875 0.8203125 0.57265625
0 0.7671875 0.62578125 0.80078125 0.6671875 0.8234375 0.60703125 0.821875 0.58828125 0.80625 0.53515625 0.8078125 0.50234375 0.80078125 0.490625 0.7859375 0.48828125 0.7765625 0.46953125 0.7671875 0.47265625 0.76484375 0.4828125 0.753125 0.48203125 0.7453125 0.52421875 0.7671875 0.62578125
0 0.43203125 0.3125 0.42890625 0.325 0.415625 0.32890625 0.41640625 0.3390625 0.465625 0.34296875 0.4328125 0.36796875 0.43125 0.39765625 0.44375 0.42265625 0.47890625 0.446875 0.49375 0.40234375 0.4921875 0.34453125 0.4859375 0.32421875 0.49375 0.29921875 0.51171875 0.28125 0.53046875 0.271875 0.55703125 0.2734375 0.59921875 0.2921875 0.6078125 0.31484375 0.609375 0.36953125 0.61953125 0.384375 0.6828125 0.30703125 0.6875 0.27265625 0.66953125 0.2515625 0.5703125 0.24140625 0.52265625 0.2453125 0.45390625 0.265625 0.4359375 0.28984375 0.440625 0.31640625 0.43203125 0.3125
0 0.4328125 0.57734375 0.4375 0.53515625 0.43125 0.50078125 0.425 0.49453125 0.4171875 0.49609375 0.4109375 0.52578125 0.4109375 0.55234375 0.42109375 0.5859375 0.4328125 0.57734375
0 0.4109375 0.44140625 0.403125 0.44296875 0.40703125 0.49375 0.4125 0.48984375 0.4140625 0.47109375 0.4109375 0.44140625
0 0.5671875 0.62265625 0.5765625 0.59453125 0.5703125 0.54765625 0.55859375 0.546875 0.5375 0.55703125 0.5375 0.61953125 0.55078125 0.6328125 0.5671875 0.62265625