0 0.1 0.68046875 0.103125 0.70859375 0.1234375 0.75390625 0.165625 0.78984375 0.1703125 0.81953125 0.20859375 0.8640625 0.32421875 0.86875 0.32578125 0.875 0.3140625 0.87578125 0.31640625 0.884375 0.33359375 0.884375 0.334375 0.87265625 0.35234375 0.8578125 0.36171875 0.8640625 0.37578125 0.85 0.3984375 0.84609375 0.3921875 0.83828125 0.4140625 0.81328125 0.41328125 0.725 0.4046875 0.70859375 0.4046875 0.65078125 0.3984375 0.61953125 0.371875 0.56796875 0.3703125 0.55234375 0.34296875 0.54375 0.32578125 0.51875 0.30546875 0.5140625 0.2953125 0.49453125 0.27734375 0.4828125 0.25859375 0.4828125 0.23828125 0.49375 0.21796875 0.51875 0.1640625 0.55078125 0.1546875 0.57890625 0.1234375 0.63046875 0.1203125 0.65078125 0.1 0.68046875
0 0.4265625 0.91953125 0.41953125 0.9015625 0.353125 0.90390625 0.353125 0.94296875 0.36328125 0.953125 0.41484375 0.9640625 0.42890625 0.93125 0.4234375 0.93359375 0.4265625 0.91953125
0 0.315625 0.95703125 0.30703125 0.940625 0.29296875 0.9421875 0.27890625 0.9328125 0.2375 0.99921875 0.33359375 1 0.33359375 0.9859375 0.328125 0.96484375 0.315625 0.95703125
0 0 0.69765625 0.00078125 1 0.053125 0.99765625 0.0546875 0.95234375 0.046875 0.89296875 0.0546875 0.84453125 0.05390625 0.7125 0.05078125 0.6984375 0 0.69765625
0 0.64453125 0.88125 0.68671875 0.8859375 0.72578125 0.8546875 0.73671875 0.8671875 0.74921875 0.8703125 0.77734375 0.8546875 0.79765625 0.859375 0.81015625 0.853125 0.8171875 0.84609375 0.82734375 0.790625 0.8125 0.77265625 0.8171875 0.76796875 0.809375 0.76328125 0.8265625 0.59140625 0.8125 0.53046875 0.7765625 0.44609375 0.73515625 0.4046875 0.66328125 0.396875 0.60078125 0.4015625 0.56875 0.45078125 0.54375 0.51953125 0.534375 0.58671875 0.534375 0.66640625 0.5515625 0.74453125 0.55625 0.79921875 0.56953125 0.815625 0.58515625 0.81875 0.64453125 0.88125
0 0.86640625 1 0.87109375 0.9953125 0.928125 0.99921875 0.92890625 0.8171875 0.92734375 0.8046875 0.85234375 0.8015625 0.8296875 0.80703125 0.8265625 0.98671875 0.83203125 1 0.86640625 1
0 0.521875 0.23359375 0.51328125 0.2015625 0.50234375 0.2015625 0.46328125 0.171875 0.4265625 0.18515625 0.4265625 0.21171875 0.415625 0.22734375 0.4140625 0.24140625 0.425 0.27421875 0.4546875 0.30234375 0.46015625 0.31875 0.47265625 0.31875 0.50234375 0.303125 0.53671875 0.3015625 0.53671875 0.2796875 0.5203125 0.25546875 0.521875 0.23359375
0 0.503125 0.40390625 0.51484375 0.4328125 0.53046875 0.428125 0.55078125 0.434375 0.5625 0.43046875 0.5703125 0.41640625 0.57265625 0.3671875 0.50625 0.36796875 0.503125 0.40390625
0 0.46484375 0.4125 0.44921875 0.4 0.4421875 0.41796875 0.4390625 0.46171875 0.46171875 0.48125 0.47578125 0.4828125 0.49765625 0.4171875 0.48671875 0.4109375 0.46484375 0.4125
0 0.76796875 0.1703125 0.7625 0.14140625 0.75 0.12578125 0.7484375 0.11171875 0.72265625 0.1 0.69296875 0.075 0.67734375 0.071875 0.65625 0.11171875 0.6578125 0.15703125 0.6359375 0.17421875 0.6484375 0.20859375 0.71484375 0.2140625 0.72578125 0.234375 0.7328125 0.23046875 0.73046875 0.225 0.73828125 0.225 0.74921875 0.2140625 0.76328125 0.2234375 0.76796875 0.1703125
0 0.92265625 0.315625 0.92578125 0.328125 0.9265625 0.21015625 0.9171875 0.20390625 0.928125 0.19296875 0.92734375 0.025 0.925 0.01328125 0.91484375 0.0046875 0.88203125 0.00625 0.8765625 0.02734375 0.86640625 0.028125 0.8609375 0.03671875 0.853125 0.07265625 0.853125 0.13671875 0.865625 0.16015625 0.865625 0.20078125 0.8765625 0.21640625 0.8765625 0.23359375 0.884375 0.23671875 0.875 0.24296875 0.871875 0.25859375 0.878125 0.29765625 0.90703125 0.315625 0.92265625 0.315625
0 0.85859375 0.3875 0.92421875 0.3875 0.92734375 0.3234375 0.92578125 0.315625 0.90390625 0.3125 0.88984375 0.3015625 0.86171875 0.3 0.84375 0.31640625 0.8359375 0.33515625 0.8484375 0.37578125 0.85859375 0.3875
0 0.5421875 0.05390625 0.55546875 0.059375 0.58515625 0.0578125 0.58828125 0.0265625 0.57421875 0.009375 0.54921875 0.0140625 0.54375 0.02109375 0.5421875 0.05390625