0 0.15625 0.60546875 0.15 0.64921875 0.153125 0.68671875 0.16484375 0.7046875 0.1859375 0.71953125 0.1859375 0.73359375 0.16953125 0.7453125 0.10078125 0.76875 0.065625 0.79140625 0.053125 0.83984375 0.0484375 0.90546875 0.05546875 0.9171875 0.10078125 0.9421875 0.21171875 0.9453125 0.23828125 0.9203125 0.29921875 0.896875 0.325 0.84453125 0.3265625 0.79609375 0.3796875 0.73515625 0.38125 0.71953125 0.3734375 0.70078125 0.3765625 0.66953125 0.43515625 0.6359375 0.54765625 0.590625 0.56484375 0.578125 0.6 0.56796875 0.59375 0.54921875 0.57109375 0.5234375 0.51953125 0.50625 0.48359375 0.503125 0.43203125 0.484375 0.39140625 0.4546875 0.36484375 0.4265625 0.3171875 0.40859375 0.27890625 0.409375 0.25234375 0.4265625 0.1953125 0.50234375 0.1828125 0.55078125 0.15625 0.60546875
0 0.73359375 0.415625 0.71953125 0.4234375 0.70703125 0.415625 0.68359375 0.415625 0.67421875 0.4234375 0.65546875 0.425 0.6328125 0.43671875 0.625 0.46796875 0.6125 0.47421875 0.61015625 0.4828125 0.58984375 0.484375 0.5765625 0.49765625 0.5859375 0.50078125 0.5796875 0.51484375 0.5921875 0.52578125 0.603125 0.55234375 0.615625 0.55703125 0.615625 0.56796875 0.60546875 0.58125 0.5765625 0.58828125 0.5828125 0.63046875 0.590625 0.63671875 0.590625 0.66171875 0.58515625 0.6671875 0.65546875 0.6671875 0.665625 0.64453125 0.71484375 0.603125 0.76015625 0.584375 0.78359375 0.58125 0.78515625 0.5734375 0.81953125 0.5609375 0.86484375 0.55625 0.8890625 0.54453125 0.8890625 0.49609375 0.88125 0.47734375 0.884375 0.45078125 0.8796875 0.43671875 0.86640625 0.4328125 0.86328125 0.425 0.85625 0.43359375 0.8609375 0.43828125 0.85703125 0.44375 0.84296875 0.440625 0.8328125 0.41953125 0.8171875 0.40703125 0.809375 0.42578125 0.81171875 0.434375 0.80078125 0.4234375 0.73828125 0.421875 0.73359375 0.415625
0 0.00078125 0.9046875 0.02578125 0.9046875 0.034375 0.89765625 0.0453125 0.86953125 0.0484375 0.82890625 0.0640625 0.78515625 0.13046875 0.746875 0.15703125 0.7421875 0.175 0.72890625 0.16953125 0.71875 0.1421875 0.70078125 0.140625 0.68671875 0.1484375 0.61796875 0.1828125 0.53671875 0.1890625 0.50234375 0.184375 0.49609375 0.12890625 0.4984375 0.09921875 0.525 0.05703125 0.5453125 0 0.55234375 0.00078125 0.9046875
0 0.20078125 0.4375 0.20625 0.43046875 0.2 0.47109375 0.1859375 0.48828125 0.18515625 0.515625 0.2109375 0.46953125 0.275 0.40078125 0.2859375 0.35546875 0.2765625 0.30859375 0.265625 0.30234375 0.21484375 0.3125 0.19765625 0.3203125 0.1828125 0.33984375 0.1984375 0.34453125 0.20078125 0.4375
0 0.203125 0.34140625 0.19765625 0.35 0.19296875 0.3453125 0.16015625 0.346875 0.13515625 0.35625 0.13046875 0.35 0.11015625 0.359375 0.09921875 0.353125 0.08671875 0.3625 0.08359375 0.353125 0.06640625 0.3546875 0.06171875 0.3609375 0.02109375 0.3703125 0 0.38515625 0.00078125 0.903125 0.02890625 0.9046875 0.0375 0.89609375 0.0484375 0.82734375 0.06796875 0.78125 0.12890625 0.7484375 0.15390625 0.7453125 0.178125 0.72890625 0.16953125 0.7125 0.15859375 0.7109375 0.1421875 0.69296875 0.146875 0.62890625 0.15625 0.59296875 0.178125 0.54921875 0.19375 0.48984375 0.2109375 0.46484375 0.2390625 0.43828125 0.26484375 0.4 0.31015625 0.3953125 0.31796875 0.3875 0.34296875 0.384375 0.36328125 0.36875 0.45078125 0.3328125 0.4765625 0.29765625 0.478125 0.28671875 0.484375 0.28515625 0.4765625 0.26328125 0.45625 0.24609375 0.37109375 0.2640625 0.34765625 0.2796875 0.20859375 0.3171875 0.196875 0.33203125 0.203125 0.34140625
0 0.5375 0.86640625 0.5328125 0.89453125 0.55234375 0.9359375 0.63515625 0.9 0.6734375 0.87109375 0.6671875 0.80390625 0.66015625 0.8109375 0.59296875 0.8125 0.5765625 0.82578125 0.56640625 0.85 0.5375 0.86640625
0 0.45078125 1 0.475 0.97890625 0.4734375 0.96015625 0.46640625 0.96875 0.46328125 0.9578125 0.46015625 0.9625 0.45625 0.95859375 0.4484375 0.92578125 0.428125 0.90546875 0.4234375 0.88046875 0.4109375 0.86640625 0.39140625 0.86875 0.3734375 0.89296875 0.36953125 0.909375 0.3375 0.92109375 0.3328125 0.94453125 0.340625 0.99140625 0.32265625 0.99375 0.32578125 1 0.45078125 1
0 0.74140625 0.2078125 0.77265625 0.2203125 0.81640625 0.2171875 0.92109375 0.2328125 0.95078125 0.2125 0.98984375 0.2125 0.99921875 0.2203125 1 0.00078125 0.74453125 0 0.7234375 0.10859375 0.71875 0.18359375 0.7234375 0.19140625 0.74140625 0.2078125
0 0.79296875 0.91875 0.76015625 0.9484375 0.71328125 0.9671875 0.6765625 0.99921875 0.99921875 1 1 0.77109375 0.97265625 0.79375 0.95703125 0.7984375 0.93203125 0.8296875 0.86015625 0.88125 0.79296875 0.91875
0 0.86953125 0.6875 0.85546875 0.659375 0.8265625 0.66484375 0.8265625 0.68515625 0.83203125 0.6765625 0.840625 0.68515625 0.83359375 0.6984375 0.8234375 0.70078125 0.84453125 0.7046875 0.85234375 0.6953125 0.853125 0.72421875 0.8796875 0.73203125 0.87109375 0.7390625 0.89140625 0.7390625 0.9359375 0.70859375 0.9375 0.62734375 0.93125 0.60703125 0.8828125 0.60703125 0.8796875 0.66484375 0.86875 0.66953125 0.8734375 0.67890625 0.86953125 0.6875
0 0.74140625 0.7625 0.73515625 0.7640625 0.73515625 0.771875 0.72578125 0.7703125 0.71328125 0.78125 0.67421875 0.796875 0.6703125 0.85703125 0.72265625 0.8578125 0.72890625 0.828125 0.75703125 0.8203125 0.79140625 0.7953125 0.83046875 0.7828125 0.84453125 0.759375 0.8671875 0.75234375 0.85078125 0.753125 0.84375 0.73671875 0.83203125 0.7296875 0.8078125 0.72734375 0.7796875 0.73515625 0.77734375 0.7625 0.74921875 0.7640625 0.74765625 0.7703125 0.74140625 0.7625