0 0.8393703125 0.21725468750000002 0.859215625 0.2643328125 0.8684765625 0.129825 0.8975843749999999 0.07378124999999999 0.9042 0.0042859375 0.855246875 0.00204375 0.8340765625 0.053604687500000005 0.82216875 0.12085781250000001 0.7758625 0.183628125 0.7921625 0.23949531249999997 0.8182 0.248640625 0.8393703125 0.21725468750000002
0 0.6210609375 0.21725468750000002 0.5800468750000001 0.3136515625 0.6237078125 0.3517625 0.65016875 0.2531234375 0.6210609375 0.21725468750000002
0 0.65 0.7171875 0.04375 0.103125
0 0.2625 0.6140625 0.071875 0.1
0 0.35625 0.5578125 0.084375 0.084375
0 0.2375 0.38984375 0.040625 0.1578125
0 0.35 0.30859375 0.146875 0.0953125
0 0.7890625 0.78984375 0.059375 0.0515625
0 0.7234375 0.8765625 0.046875 0.03125
0 0.875 0.803125 0.025 0.053125
0 0.525 0.509375 0.04375 0.0875
0 0.1460765625 0.5602484375000001 0.12623125 0.6028421875000001 0.106384375 0.6342265625 0.0865390625 0.654403125 0.0494921875 0.6611281250000001 0.0283234375 0.625259375 0.0177390625 0.5871500000000001 0.0111234375 0.575940625 0.016415625 0.65664375 0.037584374999999996 0.6947546874999999 0.08521562499999999 0.6947546874999999 0.115646875 0.65664375 0.1625328125 0.5571421875 0.1460765625 0.5602484375000001
0 0.2265625 0.7359375 0.0125 0.04375
0 0.371875 0.8359375 0.015625 0.0375
0 0.5875 0.75625 0.015625 0.025
0 0.74921875 0.2875 0.0421875 0.06875
0 0.8609375 0.409375 0.028125 0.04375