0 0.8182 0.751359375 0.7921625 0.7605046875 0.7758625 0.816371875 0.82216875 0.8791421875 0.8340765625 0.9463953125 0.855246875 0.99795625 0.9042 0.9957140624999999 0.8975843749999999 0.92621875 0.8684765625 0.870175 0.859215625 0.7356671875 0.8393703125 0.7827453125 0.8182 0.751359375
0 0.5800468750000001 0.6863484375 0.6210609375 0.7827453125 0.65016875 0.7468765625 0.6237078125 0.6482375 0.5800468750000001 0.6863484375
0 0.65 0.2828125 0.04375 0.103125
0 0.2625 0.3859375 0.071875 0.1
0 0.35625 0.4421875 0.084375 0.084375
0 0.2375 0.61015625 0.040625 0.1578125
0 0.35 0.69140625 0.146875 0.0953125
0 0.7890625 0.21015625 0.059375 0.0515625
0 0.7234375 0.1234375 0.046875 0.03125
0 0.875 0.196875 0.025 0.0546875
0 0.525 0.490625 0.04375 0.0875
0 0.0865390625 0.34559687499999997 0.106384375 0.3657734375 0.12623125 0.39715781250000004 0.1460765625 0.43975156249999997 0.1625328125 0.44285781249999995 0.115646875 0.34335625 0.08521562499999999 0.3052453125 0.037584374999999996 0.3052453125 0.016415625 0.34335625 0.0111234375 0.424059375 0.0177390625 0.41285 0.0283234375 0.374740625 0.0494921875 0.338871875 0.0865390625 0.34559687499999997
0 0.2265625 0.2640625 0.0125 0.04375
0 0.371875 0.1640625 0.015625 0.0375
0 0.5875 0.24375 0.015625 0.025
0 0.74921875 0.7125 0.0421875 0.06875
0 0.8609375 0.590625 0.028125 0.04375