0 0.42680625 0.8284953125 0.4991546875 0.7147765625 0.405803125 0.4960859375 0.8212171875 0.0009703125 0.354459375 0 0.25644062500000003 0.053456250000000004 0.46648125 0.3001390625 0.193428125 0.6255499999999999 0.42680625 0.8284953125
0 0 0.1391828125 0.331121875 0.41560781249999995 0.39180000000000004 0.352625 0.06040156249999999 0.00446875 0 0.1391828125
0 0.1864265625 0.5870609375 0.020728125 0.5870609375 0 0.9614593749999999 0.24252968749999998 0.6755875 0.1864265625 0.5870609375
0 0.7091953125 1 0.5100953125000001 0.7306828125 0.46414687499999996 0.78650625 0.4851515625 0.8984765625 0.6718546875 1 0.7091953125 1
0 0.797878125 0.9439640624999999 0.7558703125 0.9212203125 0.7068609375 0.9772046874999999 0.7698734375 0.9912000000000001 0.797878125 0.9439640624999999
0 0.6251781249999999 0.8407421875000001 0.5808359375000001 0.8302453125 0.6088421875 0.8687343750000001 0.6765218749999999 0.894978125 0.68370625 0.8699546874999999 0.6251781249999999 0.8407421875000001
0 0.7652062500000001 0.8914781250000001 0.8165484375000001 0.9124718749999999 0.8305515625 0.8722328125000001 0.7955453125 0.8529890625000001 0.7652062500000001 0.8914781250000001
0 1 0.848528125 0.8632250000000001 0.662290625 0.7955453125 0.45759531249999996 0.6578515625 0.5853109375 1 1 1 0.848528125
0 0.601840625 0.3246328125 0.5014875 0.44535 0.5878375 0.48733750000000003 0.6765218749999999 0.49083750000000004 0.711528125 0.454096875 0.797878125 0.45059843749999995 0.8002125 0.43135312499999995 0.723196875 0.408609375 0.751203125 0.32638124999999996 0.601840625 0.3246328125
0 0.8795609375 0.3333796875 0.8282171875 0.3036375 0.7558703125 0.3893640625 0.797878125 0.41910625 0.8471062500000001 0.3633734375 0.8795609375 0.3333796875
0 0.013726562500000001 0.5503203125 0.1887609375 0.5398234375000001 0.1690015625 0.45673125 0.0043921875 0.4610953125 0.013726562500000001 0.5503203125