0 0.99921875 1 1 0.81015625 0.99609375 0.8 0.98671875 0.8 0.98828125 0.8046875 0.97734375 0.8046875 0.97890625 0.8 0.97421875 0.8046875 0.96171875 0.8046875 0.96171875 0.8 0.94765625 0.8046875 0.94296875 0.8 0.93828125 0.80625 0.90078125 0.80625 0.88359375 0.8046875 0.88203125 0.8 0.87890625 0.8046875 0.41171875 0.8 0.00234375 0.7875 0.00078125 1 0.99921875 1
0 1 0.62421875 0.97109375 0.6171875 0.78359375 0.615625 0.17578125 0.6203125 0.17421875 0.65 0.17890625 0.6625 0.97265625 0.6609375 0.99296875 0.6578125 1 0.64921875 1 0.62421875
0 0.34296875 0.375 0.28828125 0.3765625 0.28515625 0.4296875 0.28828125 0.4359375 0.41796875 0.440625 0.93671875 0.4390625 0.97578125 0.4328125 0.984375 0.41171875 0.978125 0.37734375 0.96328125 0.3734375 0.34296875 0.375
0 0.99375 0.54609375 0.99375 0.50703125 0.98515625 0.496875 0.77890625 0.4953125 0.76953125 0.490625 0.76328125 0.4953125 0.75234375 0.490625 0.75078125 0.4953125 0.32734375 0.4984375 0.31875 0.50546875 0.31796875 0.5515625 0.32578125 0.5609375 0.40546875 0.5640625 0.98359375 0.5640625 0.99375 0.54609375
0 1 0.66796875 0.99140625 0.6640625 0.58046875 0.6640625 0.47578125 0.671875 0.53671875 0.6765625 0.5453125 0.68828125 0.5421875 0.70703125 0.55546875 0.7359375 0.76484375 0.7359375 0.80546875 0.75 0.85546875 0.75 0.86171875 0.7578125 0.88359375 0.7546875 0.88984375 0.759375 0.89296875 0.7390625 0.91953125 0.7484375 0.92421875 0.7390625 1 0.73515625 1 0.66796875
0 1 0.56640625 0.98984375 0.5640625 0.73671875 0.5640625 0.66484375 0.5703125 0.69453125 0.571875 0.69765625 0.5875 0.6984375 0.57421875 0.70546875 0.58125 0.70859375 0.5734375 0.71328125 0.590625 0.7171875 0.58046875 0.7140625 0.59296875 0.72109375 0.5921875 0.73671875 0.60625 0.73984375 0.603125 0.74375 0.60859375 0.734375 0.61328125 0.74453125 0.615625 0.96640625 0.6171875 1 0.61015625 1 0.56640625
0 0.66171875 0.4921875 0.6515625 0.48828125 0.65078125 0.4796875 0.65078125 0.4953125 0.99921875 0.4953125 1 0.45078125 0.88046875 0.4546875 0.79765625 0.446875 0.79609375 0.4515625 0.77265625 0.453125 0.75390625 0.4515625 0.75234375 0.446875 0.73984375 0.453125 0.73671875 0.446875 0.73515625 0.4515625 0.70390625 0.446875 0.6890625 0.45546875 0.6921875 0.46015625 0.68125 0.46640625 0.67734375 0.4765625 0.6640625 0.47890625 0.66171875 0.4921875
0 1 0.27421875 0.94453125 0.2625 0.86484375 0.271875 0.72578125 0.2671875 0.63671875 0.2703125 0.59765625 0.278125 0.51328125 0.278125 0.5265625 0.28359375 0.51171875 0.284375 0.50546875 0.2921875 0.48046875 0.2875 0.47734375 0.29375 0.49296875 0.2984375 0.54921875 0.2953125 0.5546875 0.29921875 0.553125 0.31015625 0.56015625 0.3140625 0.5609375 0.28203125 0.56796875 0.2796875 0.5703125 0.31015625 0.5765625 0.31171875 0.5765625 0.29921875 0.58203125 0.2953125 0.59140625 0.3125 0.59609375 0.2796875 0.603125 0.28359375 0.60546875 0.2984375 0.61015625 0.2796875 0.6171875 0.28203125 0.62109375 0.2984375 0.62890625 0.28125 0.63828125 0.30625 0.64453125 0.2828125 0.65 0.30859375 0.65390625 0.3125 0.65859375 0.3078125 0.66640625 0.321875 0.69140625 0.3203125 0.7 0.33515625 0.709375 0.33828125 0.70546875 0.3421875 0.7453125 0.34609375 0.74296875 0.353125 0.7140625 0.35703125 0.71953125 0.359375 0.74921875 0.3578125 0.75078125 0.3453125 0.771875 0.34296875 0.75703125 0.3390625 0.75390625 0.328125 0.78515625 0.3296875 0.79765625 0.321875 1 0.32109375 1 0.27421875
0 0.61796875 0.153125 0.61796875 0.16875 0.62109375 0.178125 0.63046875 0.171875 0.62890625 0.178125 0.64296875 0.18125 0.64921875 0.1921875 0.66328125 0.196875 0.75546875 0.2 0.81015625 0.2109375 0.88046875 0.2078125 0.94296875 0.215625 1 0.19453125 0.99609375 0.159375 0.91796875 0.1515625 0.81484375 0.15625 0.76328125 0.140625 0.70859375 0.14375 0.68359375 0.1546875 0.61796875 0.153125
0 0.58046875 0.2125 0.6015625 0.19609375 0.603125 0.18828125 0.56015625 0.1734375 0.52890625 0.171875 0.515625 0.18203125 0.50703125 0.2015625 0.55078125 0.203125 0.58046875 0.2125
0 0.73671875 0.009375 0.70234375 0.0265625 0.49921875 0.0171875 0.41484375 0.021875 0.37578125 0.0375 0.41484375 0.04375 0.45859375 0.0671875 0.55703125 0.0671875 0.57265625 0.059375 0.61015625 0.075 0.63359375 0.0703125 0.65390625 0.0734375 0.66953125 0.084375 0.68984375 0.0859375 0.73984375 0.0828125 0.77890625 0.0890625 0.86171875 0.0890625 1 0.07109375 0.99609375 0.0265625 0.85703125 0.0171875 0.80078125 0.0203125 0.77578125 0.0078125 0.73671875 0.009375
0 0.0984375 0.34453125 0.08203125 0.3359375 0.05390625 0.3375 0.02421875 0.3640625 0.08359375 0.3765625 0.10078125 0.3765625 0.1078125 0.36953125 0.0984375 0.34453125
0 0.15390625 0.5109375 0.159375 0.50703125 0.159375 0.48984375 0.15234375 0.4828125 0.13671875 0.4828125 0.125 0.49296875 0.12578125 0.5015625 0.13515625 0.5109375 0.15390625 0.5109375
0 0.16015625 0.446875 0.13828125 0.4453125 0.13125 0.45234375 0.13203125 0.4609375 0.13984375 0.4671875 0.15703125 0.465625 0.1640625 0.45234375 0.16015625 0.446875