0 0.71484375 0 0.71328125 0.0734375 0.7140625 0.08984375 0.72421875 0.09375 0.98359375 0.090625 1 0.07734375 1 0.00078125 0.96640625 0.0015625 0.959375 0.00390625 0.98125 0.00859375 0.94921875 0.0109375 0.92421875 0.009375 0.92109375 0.0015625 0.91015625 0 0.71484375 0
0 0.99921875 1 1 0.89765625 0.9984375 0.88515625 0.99140625 0.88125 0.00078125 0.88125 0.00078125 1 0.00625 0.99921875 0.00703125 0.9875 0.01015625 1 0.99921875 1
0 0.31796875 0.55 0.32265625 0.559375 0.33828125 0.5625 0.98671875 0.5625 0.9890625 0.50546875 0.98515625 0.4984375 0.95390625 0.496875 0.32578125 0.4984375 0.3171875 0.51171875 0.31796875 0.55
0 0.17265625 0.640625 0.1734375 0.66015625 0.18046875 0.6640625 0.98203125 0.6625 1 0.65234375 0.9984375 0.62578125 0.98671875 0.61875 0.22890625 0.61875 0.17578125 0.6203125 0.17265625 0.640625
0 0.31484375 0.5234375 0.31875 0.55859375 0.33828125 0.5640625 0.98359375 0.565625 0.99375 0.55390625 0.99375 0.50546875 0.98515625 0.496875 0.33515625 0.496875 0.3171875 0.50390625 0.31484375 0.5234375
0 0.77890625 0.6640625 0.78125 0.67578125 0.790625 0.67890625 0.7828125 0.68359375 0.78984375 0.74375 0.99140625 0.7453125 1 0.73828125 0.99921875 0.68125 0.89375 0.67890625 0.99921875 0.6765625 1 0.62265625 0.99296875 0.6171875 0.17890625 0.61875 0.1734375 0.62421875 0.17421875 0.65 0.17890625 0.6625 0.77890625 0.6640625
0 0.84609375 0.425 0.90546875 0.4328125 0.92578125 0.425 0.92265625 0.4203125 0.96484375 0.409375 0.9625 0.40390625 0.975 0.39296875 0.91953125 0.3765625 0.87265625 0.378125 0.78515625 0.365625 0.73828125 0.3734375 0.66484375 0.36875 0.44609375 0.3828125 0.19765625 0.3828125 0.16796875 0.39375 0.15546875 0.390625 0.14140625 0.3953125 0.13984375 0.4015625 0.15859375 0.403125 0.16328125 0.396875 0.17109375 0.40625 0.17890625 0.403125 0.22265625 0.4140625 0.27578125 0.4078125 0.35078125 0.4171875 0.41015625 0.4140625 0.45546875 0.425 0.56953125 0.4203125 0.58671875 0.425 0.67734375 0.425 0.69140625 0.4265625 0.71484375 0.440625 0.76328125 0.45 0.76796875 0.44375 0.80703125 0.440625 0.84609375 0.425
0 1 0.27578125 0.95390625 0.2640625 0.87265625 0.271875 0.62890625 0.26875 0.59453125 0.2796875 0.60390625 0.2796875 0.609375 0.29921875 0.62734375 0.3078125 0.64296875 0.309375 0.66015625 0.3203125 0.69765625 0.3203125 0.70546875 0.3265625 0.73203125 0.325 0.73984375 0.31875 1 0.31640625 1 0.27578125
0 1 0.16171875 0.91171875 0.15 0.81484375 0.1546875 0.76328125 0.140625 0.70546875 0.14375 0.68515625 0.1515625 0.61953125 0.146875 0.58515625 0.1546875 0.52578125 0.1421875 0.5171875 0.15234375 0.5171875 0.17734375 0.503125 0.19453125 0.50390625 0.2015625 0.58515625 0.2125 0.60234375 0.203125 0.63203125 0.203125 0.64921875 0.196875 0.71484375 0.1984375 0.75546875 0.2 0.79765625 0.2109375 0.93828125 0.2171875 0.99453125 0.2 1 0.19453125 1 0.16171875
0 0.15546875 0.4515625 0.13828125 0.4515625 0.13203125 0.4671875 0.15234375 0.4734375 0.1640625 0.46015625 0.15546875 0.4515625
0 0.12578125 0.5 0.13828125 0.5140625 0.14765625 0.515625 0.159375 0.49453125 0.15234375 0.4859375 0.13515625 0.4859375 0.12578125 0.5
0 0.02421875 0.3640625 0.08515625 0.3765625 0.10625 0.37265625 0.096875 0.34296875 0.08046875 0.3359375 0.05703125 0.3375 0.02421875 0.3640625