0 0.21796875 0.05 0.24140625 0.0453125 0.30859375 0.04375 0.35234375 0.03125 0.38828125 0.0296875 0.403125 0.01328125 0.38984375 0.0046875 0.00078125 0.0015625 0.00078125 0.2171875 0.30546875 0.225 0.35390625 0.2203125 0.3734375 0.20859375 0.36484375 0.203125 0.32109375 0.2 0.38828125 0.1921875 0.45703125 0.19375 0.4625 0.16796875 0.44921875 0.140625 0.384375 0.13671875 0.39140625 0.13125 0.44609375 0.1296875 0.45 0.09609375 0.43359375 0.0765625 0.38671875 0.06875 0.26484375 0.0640625 0.2171875 0.05546875 0.21796875 0.05
0 0 0.26640625 0.00625 0.26796875 0 0.27265625 0.00078125 0.28125 0.01484375 0.2890625 0.08984375 0.2984375 0.12890625 0.3109375 0.28671875 0.3171875 0.31796875 0.3234375 0.59140625 0.3171875 0.59140625 0.3125 0.57265625 0.3109375 0.571875 0.30390625 0.65546875 0.2890625 0.6578125 0.28359375 0.65390625 0.275 0.60859375 0.271875 0.37421875 0.2734375 0.25546875 0.2625 0.04765625 0.25625 0.00078125 0.2578125 0 0.26640625
0 0.00078125 0.4234375 0.06171875 0.428125 0.43359375 0.4234375 0.46328125 0.415625 0.4859375 0.38984375 0.46171875 0.3828125 0.31171875 0.384375 0.18046875 0.3703125 0.00234375 0.3703125 0.00078125 0.4234375
0 0.19921875 0.4484375 0.01796875 0.4484375 0 0.45078125 0.00078125 0.4765625 0.22265625 0.484375 0.24921875 0.4796875 0.2953125 0.46015625 0.19921875 0.4484375
0 0.02890625 0.5078125 0 0.51171875 0.00078125 0.559375 0.09296875 0.5609375 0.17421875 0.5515625 0.75390625 0.553125 0.7640625 0.54765625 0.7640625 0.53828125 0.75546875 0.53125 0.68984375 0.5265625 0.02890625 0.5078125
0 0.35546875 0.6109375 0.13828125 0.61875 0.00390625 0.6171875 0.00078125 0.690625 0.45859375 0.690625 0.4609375 0.61640625 0.45078125 0.6109375 0.35546875 0.6109375
0 0.36015625 0.6984375 0.01796875 0.6984375 0 0.70078125 0.00078125 0.746875 0.34140625 0.753125 0.3640625 0.74765625 0.365625 0.71640625 0.36015625 0.6984375
0 0.52890625 0.746875 0.5546875 0.73203125 0.55625 0.71796875 0.54453125 0.7109375 0.51484375 0.7078125 0.36953125 0.7078125 0.36640625 0.7296875 0.37578125 0.7390625 0.52890625 0.746875
0 0.23359375 0.9875 0.2421875 0.97265625 0.22734375 0.9625 0.15859375 0.9546875 0.14140625 0.946875 0.00078125 0.9453125 0.00078125 0.996875 0.13203125 0.9875 0.23359375 0.9875
0 0.04140625 0.7625 0.00078125 0.7671875 0.00078125 0.771875 0.0625 0.76953125 0.04140625 0.7625
0 0.19375 0.78828125 0.2140625 0.79609375 0.19296875 0.8015625 0.29765625 0.8015625 0.2796875 0.79609375 0.309375 0.78671875 0.27578125 0.7671875 0.20234375 0.7671875 0.1953125 0.77109375 0.1984375 0.78046875 0.19375 0.78828125
0 0.88984375 0.1796875 0.95390625 0.178125 0.9984375 0.16953125 0.99453125 0.159375 0.50234375 0.159375 0.46953125 0.1609375 0.46953125 0.1703125 0.56796875 0.178125 0.62734375 0.1734375 0.68515625 0.178125 0.69296875 0.1734375 0.70078125 0.178125 0.88984375 0.1796875
0 0.83046875 0.1078125 0.84140625 0.1078125 0.8453125 0.11953125 0.86171875 0.128125 0.99140625 0.134375 0.996875 0.13046875 0.9984375 0.10703125 0.99453125 0.1015625 0.87734375 0.1015625 0.83046875 0.1078125