0 1 0.62578125 0.9953125 0.62421875 0.9875 0.64609375 0.9890625 0.69921875 0.97578125 0.725 0.965625 0.71640625 0.95234375 0.6859375 0.94453125 0.6828125 0.93515625 0.7 0.92421875 0.6859375 0.88671875 0.78125 0.871875 0.75234375 0.853125 0.74453125 0.846875 0.78203125 0.846875 0.85078125 0.8671875 0.93671875 0.83828125 1 1 0.99921875 1 0.62578125
0 0.7515625 0.08671875 0.7609375 0.00078125 0.6578125 0.00078125 0.659375 0.35390625 0.66875 0.43359375 0.66875 0.68359375 0.6765625 0.80078125 0.66875 0.84609375 0.665625 0.99453125 0.72265625 1 0.728125 0.93671875 0.75 0.90078125 0.75625 0.85546875 0.7609375 0.58359375 0.740625 0.41328125 0.7453125 0.38359375 0.7421875 0.30390625 0.7546875 0.20859375 0.7515625 0.08671875
0 0.871875 0.28515625 0.86640625 0.2875 0.8578125 0.11171875 0.8390625 0.03671875 0.81796875 0 0.7625 0.00078125 0.7640625 0.35234375 0.7734375 0.37578125 0.7875 0.48046875 0.790625 0.48984375 0.79921875 0.4921875 0.8078125 0.46796875 0.809375 0.37578125 0.8171875 0.36953125 0.82734375 0.3328125 0.86796875 0.3359375 0.890625 0.31953125 0.8921875 0.23046875 0.88515625 0.2140625 0.8703125 0.24296875 0.8734375 0.26796875 0.871875 0.28515625
0 0.6046875 0.67734375 0.5921875 0.69609375 0.584375 0.76953125 0.5890625 0.85546875 0.5765625 0.86484375 0.571875 0.87734375 0.56875 0.92265625 0.575 0.96328125 0.56875 0.99921875 0.65234375 1 0.6484375 0.84609375 0.64375 0.83203125 0.62734375 0.825 0.6203125 0.81328125 0.6171875 0.69765625 0.6125 0.67890625 0.6046875 0.67734375
0 0.4765625 0.95078125 0.4765625 0.49453125 0.4484375 0.49140625 0.4453125 0.94765625 0.45078125 0.953125 0.47109375 0.953125 0.4765625 0.95078125
0 0.5265625 0.47265625 0.53671875 0.5375 0.546875 0.48515625 0.5484375 0.38828125 0.5453125 0.36015625 0.5359375 0.34921875 0.5265625 0.39296875 0.5265625 0.47265625
0 0.36796875 1 0.3703125 0.98828125 0.36875 0.78046875 0.3640625 0.75078125 0.359375 0.74921875 0.340625 0.85390625 0.33984375 1 0.36796875 1
0 0.3921875 0.70859375 0.384375 0.73828125 0.38125 0.81015625 0.371875 0.84453125 0.37734375 1 0.3984375 0.99921875 0.4015625 0.73671875 0.3984375 0.71171875 0.3921875 0.70859375
0 0 0.99921875 0.15546875 1 0.15546875 0.984375 0.1375 0.98359375 0.13671875 0.965625 0.1359375 0.97734375 0.128125 0.98515625 0.1109375 0.78203125 0.10078125 0.7765625 0.09296875 0.8 0.08828125 0.7875 0.0765625 0.79296875 0.0625 0.76328125 0.059375 0.72265625 0.053125 0.72109375 0.0453125 0.78203125 0.0453125 0.85703125 0.0375 0.85859375 0.02734375 0.8265625 0.0140625 0.83671875 0.0078125 0.89609375 0 0.90703125 0 0.99921875
0 0.165625 0.99921875 0.18828125 1 0.1875 0.85703125 0.18125 0.76171875 0.175 0.75859375 0.165625 0.99921875
0 0.1796875 0.13671875 0.1703125 0.24140625 0.17578125 0.546875 0.1828125 0.54140625 0.1890625 0.47578125 0.19375 0.27578125 0.190625 0.15390625 0.1875 0.13984375 0.1796875 0.13671875
0 0.225 0.16640625 0.2234375 0.09296875 0.2296875 0.03671875 0.225 0.00078125 0.215625 0.00078125 0.2078125 0.03828125 0.2125 0.09453125 0.2078125 0.16484375 0.2125 0.18515625 0.21953125 0.1875 0.225 0.16640625
0 0.15234375 0.9953125 0.1578125 0.99140625 0.1578125 0.92890625 0.15 0.80859375 0.15 0.33671875 0.1453125 0.29765625 0.1359375 0.27578125 0.128125 0.33046875 0.134375 0.60546875 0.1296875 0.98515625 0.13359375 0.99375 0.15234375 0.9953125
0 0.0828125 0.31484375 0.078125 0.29921875 0.0734375 0.29921875 0.0640625 0.32578125 0.0609375 0.37734375 0.0625 0.51328125 0.06953125 0.5625 0.078125 0.52109375 0.084375 0.40546875 0.0828125 0.31484375
0 0.1125 0.79609375 0.11875 0.45078125 0.1140625 0.33359375 0.109375 0.30234375 0.103125 0.29765625 0.0953125 0.32734375 0.0890625 0.40546875 0.090625 0.51796875 0.0984375 0.58984375 0.09765625 0.7984375 0.1125 0.79609375
0 0.490625 0.19453125 0.49609375 0.2015625 0.50546875 0.2015625 0.5078125 0.18359375 0.4984375 0.17890625 0.490625 0.19453125
0 0.4296875 0.34609375 0.43515625 0.3484375 0.44375 0.31171875 0.4453125 0.26484375 0.4390625 0.23671875 0.4328125 0.23515625 0.425 0.30859375 0.4296875 0.34609375
0 0.2375 0.90390625 0.24765625 0.9265625 0.2546875 0.90859375 0.2546875 0.79453125 0.24375 0.79140625 0.2375 0.90390625
0 0.3140625 0.89453125 0.31328125 1 0.325 0.99921875 0.325 0.89140625 0.3203125 0.88203125 0.3140625 0.89453125
0 0.2890625 0.97890625 0.290625 0.88984375 0.284375 0.85234375 0.275 0.88828125 0.27734375 1 0.2875 0.99921875 0.2890625 0.97890625