0 0.68125 0.42890625 0.665625 0.53359375 0.6609375 0.61171875 0.6671875 0.84921875 0.6734375 0.89921875 0.6953125 0.93671875 0.69921875 1 0.7609375 0.99765625 0.7546875 0.95703125 0.7546875 0.84296875 0.746875 0.80234375 0.75625 0.64765625 0.7546875 0.44140625 0.7671875 0.35234375 0.7671875 0.00078125 0.6578125 0.00078125 0.6734375 0.10703125 0.66875 0.20859375 0.68125 0.30703125 0.68125 0.42890625
0 0.7796875 0.31796875 0.79609375 0.334375 0.82421875 0.3296875 0.8421875 0.33984375 0.846875 0.36640625 0.8578125 0.38203125 0.85625 0.46640625 0.86796875 0.4984375 0.8765625 0.48671875 0.8984375 0.35390625 0.896875 0.00078125 0.84609375 0 0.8234375 0.04453125 0.80625 0.11328125 0.8015625 0.29140625 0.7796875 0.31796875
0 0.971875 0.96328125 0.9671875 0.93984375 0.984375 0.84765625 0.978125 0.73203125 0.97265625 0.728125 0.9640625 0.73515625 0.946875 0.77109375 0.93828125 0.7765625 0.90234375 0.6734375 0.8984375 0.68515625 0.89140625 0.6875 0.88359375 0.6703125 0.8703125 0.68671875 0.8640625 0.71015625 0.85234375 0.7125 0.8390625 0.68984375 0.84375 0.64765625 0.8375 0.62109375 0.83125 0.63046875 0.83125 0.99609375 0.98515625 1 0.9921875 0.99453125 0.971875 0.96328125
0 0.5921875 0.85390625 0.5765625 0.86640625 0.5734375 0.87734375 0.5703125 0.92421875 0.5765625 0.96328125 0.5703125 0.99921875 0.65390625 1 0.65 0.84453125 0.64375 0.82890625 0.62734375 0.8234375 0.621875 0.81328125 0.6171875 0.68671875 0.6125 0.67734375 0.60703125 0.6765625 0.59375 0.69453125 0.5921875 0.75390625 0.5859375 0.77109375 0.5921875 0.85390625
0 0.37109375 1 0.37421875 0.984375 0.37890625 1 0.3984375 0.99921875 0.403125 0.77734375 0.396875 0.71015625 0.3859375 0.73046875 0.384375 0.79453125 0.37734375 0.828125 0.371875 0.82265625 0.3703125 0.77578125 0.36171875 0.746875 0.35 0.79296875 0.3421875 0.85234375 0.34140625 1 0.37109375 1
0 0.478125 0.94921875 0.478125 0.50390625 0.4703125 0.49140625 0.45390625 0.490625 0.4484375 0.49765625 0.446875 0.94921875 0.45234375 0.953125 0.478125 0.94921875
0 0.06875 0.73515625 0.05703125 0.7078125 0.0453125 0.74296875 0.040625 0.79296875 0.02890625 0.7796875 0.021875 0.78359375 0.01875 0.81171875 0.025 0.82265625 0.0125 0.83671875 0.009375 0.87890625 0 0.89609375 0.00078125 1 0.1875 0.99765625 0.18125 0.76484375 0.17734375 0.7546875 0.16171875 0.9 0.146875 0.63515625 0.14140625 0.6328125 0.1375 0.63828125 0.13125 0.68515625 0.13125 0.78671875 0.12421875 0.7875 0.1171875 0.78046875 0.1234375 0.72734375 0.115625 0.71171875 0.1078125 0.62734375 0.1015625 0.63671875 0.09375 0.73984375 0.0828125 0.77734375 0.071875 0.76953125 0.06875 0.73515625
0 0.1828125 0.54453125 0.18828125 0.5484375 0.19375 0.49765625 0.1953125 0.26484375 0.184375 0.13359375 0.178125 0.13515625 0.1734375 0.15234375 0.171875 0.28203125 0.1765625 0.48359375 0.1828125 0.54453125
0 0.146875 0.62109375 0.153125 0.58828125 0.1515625 0.33671875 0.1421875 0.27421875 0.1359375 0.27734375 0.1296875 0.32265625 0.1296875 0.52265625 0.13828125 0.625 0.146875 0.62109375
0 0.11015625 0.5921875 0.11875 0.51484375 0.11875 0.38828125 0.1140625 0.32890625 0.10625 0.30390625 0.0953125 0.34921875 0.090625 0.46953125 0.096875 0.57109375 0.1015625 0.58984375 0.11015625 0.5921875
0 0.1078125 0.30234375 0.1015625 0.30234375 0.0984375 0.33984375 0.1078125 0.34453125 0.11171875 0.359375 0.1078125 0.30234375
0 0.07578125 0.5546875 0.084375 0.50859375 0.0859375 0.38046875 0.08125 0.31796875 0.071875 0.29921875 0.0640625 0.30546875 0.0609375 0.32421875 0.059375 0.43515625 0.0671875 0.53515625 0.07578125 0.5546875
0 0.0421875 0.51953125 0.0421875 0.46953125 0.0375 0.46171875 0.02890625 0.4609375 0.025 0.47109375 0.025 0.51640625 0.03203125 0.5296875 0.0421875 0.51953125
0 0.5421875 0.50078125 0.5453125 0.42265625 0.5421875 0.36953125 0.534375 0.34609375 0.525 0.35390625 0.521875 0.40078125 0.525 0.50234375 0.53359375 0.5359375 0.5421875 0.50078125
0 0.440625 0.32421875 0.4421875 0.30859375 0.4375 0.24140625 0.4296875 0.24296875 0.4265625 0.25703125 0.428125 0.31640625 0.43359375 0.33125 0.440625 0.32421875
0 0.228125 0.17265625 0.2234375 0.09609375 0.228125 0.03671875 0.2203125 0.00078125 0.2109375 0.00078125 0.2078125 0.02890625 0.2109375 0.15703125 0.21796875 0.1890625 0.228125 0.17265625
0 0.2640625 0.16640625 0.25625 0.11953125 0.25 0.12421875 0.246875 0.15078125 0.25 0.18671875 0.25546875 0.19375 0.2640625 0.16640625
0 0.1875 0.00078125 0.178125 0.01484375 0.178125 0.05546875 0.18515625 0.071875 0.1921875 0.05390625 0.1875 0.00078125
0 0.1453125 0.14453125 0.1390625 0.14921875 0.1390625 0.16640625 0.14921875 0.175 0.1546875 0.15703125 0.1453125 0.14453125
0 0.3125 0.14921875 0.31953125 0.1640625 0.3296875 0.15390625 0.3234375 0.14140625 0.3125 0.14921875
0 0.5046875 0.17890625 0.4921875 0.18671875 0.49375 0.19921875 0.50234375 0.203125 0.5109375 0.19296875 0.5046875 0.17890625
0 0.25625 0.90390625 0.25 0.79609375 0.24375 0.80078125 0.2390625 0.86171875 0.2390625 0.90234375 0.24765625 0.9265625 0.25625 0.90390625
0 0.290625 0.97265625 0.2875 0.85390625 0.2828125 0.85390625 0.2765625 0.88828125 0.27890625 1 0.2890625 0.99765625 0.290625 0.97265625
0 0.315625 0.89453125 0.31328125 1 0.3265625 0.99921875 0.3234375 0.88359375 0.315625 0.89453125
0 0.4265625 0.77265625 0.4171875 0.79453125 0.4171875 0.83203125 0.42890625 0.946875 0.4359375 0.83046875 0.4265625 0.77265625
0 0.11171875 0.05625 0.1203125 0.00078125 0.1046875 0.00078125 0.11171875 0.05625