0 1 0.00078125 0.83828125 0 0.8671875 0.06328125 0.846875 0.14921875 0.846875 0.21796875 0.853125 0.25546875 0.871875 0.24765625 0.88671875 0.21875 0.92421875 0.3140625 0.93515625 0.3 0.94453125 0.3171875 0.95234375 0.3140625 0.965625 0.28359375 0.97578125 0.275 0.9890625 0.30078125 0.9875 0.35390625 0.9953125 0.37578125 1 0.37421875 1 0.00078125
0 0.7453125 0.61640625 0.740625 0.58671875 0.7609375 0.41640625 0.75625 0.14453125 0.75 0.09921875 0.728125 0.06328125 0.72265625 0 0.665625 0.00546875 0.66875 0.15390625 0.6765625 0.19921875 0.66875 0.31640625 0.66875 0.56640625 0.659375 0.64609375 0.6578125 0.99921875 0.7609375 0.99921875 0.7515625 0.91328125 0.7546875 0.79140625 0.7421875 0.69609375 0.7453125 0.61640625
0 0.871875 0.71484375 0.8734375 0.73203125 0.8703125 0.75703125 0.88515625 0.7859375 0.8921875 0.76953125 0.890625 0.68046875 0.86796875 0.6640625 0.82734375 0.6671875 0.8171875 0.63046875 0.809375 0.62421875 0.8078125 0.53203125 0.79921875 0.5078125 0.790625 0.51015625 0.7875 0.51953125 0.7734375 0.62421875 0.7640625 0.64765625 0.7625 0.99921875 0.81796875 1 0.8390625 0.96328125 0.8578125 0.88828125 0.86640625 0.7125 0.871875 0.71484375
0 0.64375 0.16796875 0.6484375 0.15390625 0.65234375 0 0.56875 0.00078125 0.575 0.03671875 0.56875 0.07734375 0.571875 0.12265625 0.5765625 0.13515625 0.5890625 0.14453125 0.584375 0.23046875 0.5921875 0.30390625 0.6046875 0.32265625 0.6125 0.32109375 0.6171875 0.30234375 0.6203125 0.18671875 0.62734375 0.175 0.64375 0.16796875
0 0.4453125 0.05234375 0.4484375 0.50859375 0.4765625 0.50546875 0.4765625 0.04921875 0.47109375 0.046875 0.45078125 0.046875 0.4453125 0.05234375
0 0.5265625 0.52734375 0.5265625 0.60703125 0.5359375 0.65078125 0.5453125 0.63984375 0.5484375 0.61171875 0.546875 0.51484375 0.53671875 0.4625 0.5265625 0.52734375
0 0.33984375 0 0.340625 0.14609375 0.359375 0.25078125 0.3640625 0.24921875 0.36875 0.21953125 0.3703125 0.01171875 0.36796875 0 0.33984375 0
0 0.371875 0.15546875 0.38125 0.18984375 0.384375 0.26171875 0.3921875 0.29140625 0.3984375 0.28828125 0.4015625 0.26328125 0.3984375 0.00078125 0.37734375 0 0.371875 0.15546875
0 0 0.09296875 0.0078125 0.10390625 0.0140625 0.16328125 0.02734375 0.1734375 0.0375 0.14140625 0.0453125 0.14296875 0.0453125 0.21796875 0.053125 0.27890625 0.059375 0.27734375 0.0625 0.23671875 0.0765625 0.20703125 0.08828125 0.2125 0.09296875 0.2 0.10078125 0.2234375 0.1109375 0.21796875 0.128125 0.01484375 0.1359375 0.02265625 0.13671875 0.034375 0.1375 0.01640625 0.15546875 0.015625 0.15546875 0 0 0.00078125 0 0.09296875
0 0.175 0.24140625 0.18125 0.23828125 0.1875 0.14296875 0.18828125 0 0.165625 0.00078125 0.175 0.24140625
0 0.1828125 0.45859375 0.17578125 0.453125 0.1703125 0.75859375 0.1796875 0.86328125 0.1875 0.86015625 0.190625 0.84609375 0.19375 0.72421875 0.1890625 0.52421875 0.1828125 0.45859375
0 0.21953125 0.8125 0.2125 0.81484375 0.2078125 0.83515625 0.2125 0.90546875 0.2078125 0.96171875 0.215625 0.99921875 0.225 0.99921875 0.2296875 0.96328125 0.2234375 0.90703125 0.225 0.83359375 0.21953125 0.8125
0 0.1578125 0.00859375 0.15234375 0.0046875 0.13359375 0.00625 0.1296875 0.01484375 0.134375 0.39453125 0.128125 0.66953125 0.1359375 0.72421875 0.1453125 0.70234375 0.15 0.66328125 0.15 0.19140625 0.1578125 0.07109375 0.1578125 0.00859375
0 0.06953125 0.4375 0.0625 0.48671875 0.0609375 0.62265625 0.0640625 0.67421875 0.0734375 0.70078125 0.078125 0.70078125 0.0828125 0.68515625 0.084375 0.59453125 0.078125 0.47890625 0.06953125 0.4375
0 0.09765625 0.2015625 0.0984375 0.41015625 0.090625 0.48203125 0.0890625 0.59453125 0.0953125 0.67265625 0.103125 0.70234375 0.109375 0.69765625 0.1140625 0.66640625 0.11875 0.54921875 0.1125 0.20390625 0.09765625 0.2015625
0 0.4984375 0.82109375 0.5078125 0.81640625 0.50546875 0.7984375 0.49609375 0.7984375 0.490625 0.80546875 0.4984375 0.82109375
0 0.4296875 0.65390625 0.425 0.69140625 0.4328125 0.76484375 0.4390625 0.76328125 0.4453125 0.73515625 0.44375 0.68828125 0.43515625 0.6515625 0.4296875 0.65390625
0 0.24375 0.20859375 0.2546875 0.20546875 0.2546875 0.09140625 0.24765625 0.0734375 0.2375 0.09609375 0.24375 0.20859375
0 0.3203125 0.11796875 0.325 0.10859375 0.325 0.00078125 0.31328125 0 0.3140625 0.10546875 0.3203125 0.11796875
0 0.275 0.11171875 0.284375 0.14765625 0.290625 0.11015625 0.2890625 0.02109375 0.2875 0.00078125 0.27734375 0 0.275 0.11171875