0 0.57578125 0.203125 0.56640625 0.1953125 0.52734375 0.1875 0.37421875 0.1828125 0.22421875 0.159375 0.18984375 0.1609375 0.178125 0.17578125 0.21171875 0.1953125 0.21875 0.20859375 0.2125 0.24609375 0.1859375 0.25859375 0.1859375 0.26640625 0.19296875 0.26875 0.24921875 0.265625 0.37734375 0.2296875 0.54921875 0.21875 0.55703125 0.2125 0.57265625 0.2125 0.57578125 0.203125
0 0.02890625 0.1859375 0.0015625 0.20078125 0 0.22421875 0.00546875 0.2375 0.06015625 0.2609375 0.08359375 0.2640625 0.09296875 0.2578125 0.08046875 0.2515625 0.0703125 0.23671875 0.0671875 0.21640625 0.075 0.19765625 0.07109375 0.1828125 0.02890625 0.1859375
0 0.20234375 0.1921875 0.16171875 0.175 0.121875 0.18359375 0.14140625 0.203125 0.18203125 0.2109375 0.20078125 0.20625 0.20234375 0.1921875
0 0.56953125 0.6078125 0.41796875 0.60625 0.28828125 0.5953125 0.2765625 0.59921875 0.28203125 0.609375 0.3171875 0.62421875 0.3171875 0.64609375 0.309375 0.66171875 0.31796875 0.665625 0.47421875 0.646875 0.56328125 0.65 0.58359375 0.646875 0.58515625 0.640625 0.59296875 0.646875 0.59296875 0.6359375 0.5859375 0.61796875 0.56953125 0.6078125
0 0.68515625 0.175 0.61015625 0.2203125 0.58671875 0.225 0.5828125 0.23515625 0.69765625 0.2609375 0.74140625 0.2625 0.74296875 0.18125 0.73984375 0.171875 0.68515625 0.175
0 0.77734375 0.196875 0.7765625 0.20390625 0.78359375 0.2078125 0.87265625 0.2078125 0.90234375 0.225 0.90703125 0.2109375 0.9 0.19609375 0.8875 0.19140625 0.875 0.16015625 0.85234375 0.146875 0.78828125 0.1484375 0.76484375 0.159375 0.76484375 0.165625 0.75 0.16796875 0.76328125 0.16875 0.765625 0.17421875 0.7640625 0.18359375 0.7484375 0.19296875 0.74765625 0.2078125 0.75234375 0.2015625 0.76640625 0.2078125 0.76953125 0.1953125 0.77265625 0.2 0.77734375 0.196875
0 0.8625 0.26953125 0.88515625 0.275 0.96953125 0.265625 1 0.24453125 0.99921875 0.2046875 0.96953125 0.1984375 0.93046875 0.2125 0.90546875 0.2015625 0.9078125 0.21484375 0.9015625 0.22421875 0.9078125 0.23515625 0.8625 0.26953125
0 0.5953125 0.61171875 0.5828125 0.61953125 0.58125 0.63984375 0.58828125 0.646875 0.68359375 0.6703125 0.70390625 0.6703125 0.70703125 0.665625 0.6953125 0.65546875 0.6859375 0.63046875 0.68828125 0.609375 0.63671875 0.6125 0.59453125 0.60625 0.5953125 0.61171875
0 0.67890625 0.7390625 0.67421875 0.7125 0.63984375 0.7109375 0.59296875 0.721875 0.584375 0.73984375 0.66796875 0.7609375 0.67890625 0.7390625
0 0.34609375 0.71875 0.3578125 0.72109375 0.33515625 0.7265625 0.33046875 0.7421875 0.32578125 0.7296875 0.3234375 0.74296875 0.325 0.75546875 0.33359375 0.7578125 0.39921875 0.7453125 0.57890625 0.7453125 0.58671875 0.7375 0.57109375 0.7234375 0.42421875 0.721875 0.34765625 0.7125 0.34609375 0.71875
0 0.209375 0.71796875 0.22578125 0.7359375 0.25546875 0.728125 0.29609375 0.728125 0.32734375 0.7375 0.3421875 0.73203125 0.34296875 0.7125 0.28046875 0.703125 0.209375 0.71796875
0 0.23203125 0.7578125 0.23671875 0.7609375 0.23828125 0.7546875 0.2125 0.72421875 0.21796875 0.7203125 0.18984375 0.7171875 0.1796875 0.72421875 0.1796875 0.73203125 0.20859375 0.7609375 0.22421875 0.7640625 0.23203125 0.7578125
0 0.3171875 0.90546875 0.34609375 0.909375 0.37578125 0.9296875 0.39453125 0.9296875 0.54140625 0.925 0.55390625 0.921875 0.57109375 0.9046875 0.36171875 0.9 0.3171875 0.90546875
0 0.30078125 0.909375 0.29453125 0.9046875 0.26796875 0.90625 0.265625 0.92109375 0.28359375 0.9390625 0.29921875 0.9375 0.30078125 0.909375
0 0.62734375 0.9 0.57890625 0.9046875 0.55625 0.91953125 0.57109375 0.9265625 0.63671875 0.9296875 0.67265625 0.9234375 0.69609375 0.9078125 0.67578125 0.9 0.62734375 0.9
0 0.671875 0.92421875 0.70703125 0.9328125 0.72421875 0.9265625 0.72734375 0.9140625 0.71640625 0.903125 0.68046875 0.9015625 0.675 0.90390625 0.671875 0.92421875
0 0.80859375 0.6109375 0.8078125 0.60390625 0.79765625 0.6 0.70859375 0.6 0.7 0.60859375 0.6984375 0.62265625 0.70546875 0.63125 0.76328125 0.634375 0.80390625 0.6234375 0.80859375 0.6109375
0 0.671875 0.73984375 0.74609375 0.7453125 0.7578125 0.73984375 0.76171875 0.7125 0.73515625 0.70625 0.68203125 0.709375 0.6734375 0.71640625 0.671875 0.73984375