0 0.021875 0.20078125 0.021875 0.24140625 0.0328125 0.27734375 0.0390625 0.42421875 0.0375 0.48203125 0.0328125 0.48984375 0.0359375 0.56640625 0.03203125 0.575 0.0265625 0.56328125 0.0234375 0.58359375 0.02890625 0.5953125 0.0359375 0.59453125 0.0390625 0.62265625 0.0234375 0.65234375 0.0140625 0.75859375 0.0140625 0.78203125 0.0265625 0.80703125 0.025 0.84609375 0.034375 0.87734375 0.0171875 0.90078125 0.015625 0.91640625 0.028125 0.94296875 0.0328125 0.99453125 0.06640625 1 0.1078125 0.99296875 0.109375 0.00078125 0.0328125 0.00078125 0.034375 0.08203125 0.0125 0.16328125 0.0140625 0.18671875 0.021875 0.20078125
0 0.25390625 1 0.2546875 0.96328125 0.2671875 0.91640625 0.2609375 0.86484375 0.24375 0.83515625 0.2453125 0.80703125 0.26171875 0.8 0.2734375 0.78203125 0.271875 0.71328125 0.28125 0.63203125 0.28125 0.61015625 0.2703125 0.57421875 0.2625 0.43359375 0.271875 0.33515625 0.275 0.18671875 0.284375 0.12265625 0.271875 0.08828125 0.2671875 0.08984375 0.271875 0.08203125 0.2671875 0.06171875 0.26328125 0.05625 0.2515625 0.05859375 0.2515625 0.05078125 0.25546875 0.053125 0.26015625 0.04375 0.26328125 0.0515625 0.2640625 0.03828125 0.271875 0.03359375 0.2640625 0.00078125 0.18203125 0 0.178125 0.01640625 0.18125 0.08203125 0.1671875 0.19296875 0.1734375 0.22890625 0.171875 0.45859375 0.159375 0.58671875 0.159375 0.74921875 0.153125 0.78671875 0.159375 0.83671875 0.146875 0.91328125 0.16171875 1 0.25390625 1
0 0.44765625 1 0.44375 0.94765625 0.4875 0.88984375 0.4828125 0.86953125 0.4625 0.84296875 0.471875 0.80703125 0.471875 0.77734375 0.4640625 0.75546875 0.4546875 0.65390625 0.4609375 0.57890625 0.453125 0.51484375 0.4328125 0.48046875 0.4390625 0.43828125 0.428125 0.42734375 0.434375 0.40703125 0.428125 0.37109375 0.434375 0.33828125 0.425 0.30859375 0.425 0.27109375 0.4421875 0.22265625 0.4484375 0.17890625 0.4453125 0.12734375 0.428125 0.08984375 0.425 0.05703125 0.440625 0.03515625 0.4421875 0.00078125 0.35859375 0 0.35625 0.00703125 0.359375 0.12890625 0.3484375 0.28203125 0.35 0.44453125 0.3359375 0.75859375 0.3359375 0.80078125 0.346875 0.82421875 0.3375 0.93984375 0.34921875 1 0.44765625 1
0 0.5625 0.28828125 0.553125 0.33046875 0.553125 0.46015625 0.559375 0.51171875 0.5515625 0.57265625 0.559375 0.64609375 0.546875 0.72734375 0.525 0.76796875 0.5234375 0.80859375 0.5375 0.85078125 0.54921875 0.8578125 0.55703125 0.8546875 0.5625 0.86328125 0.5578125 0.88359375 0.5421875 0.88828125 0.5375 0.91328125 0.5453125 0.98046875 0.55390625 1 0.60859375 0.9984375 0.659375 0.91484375 0.6578125 0.90234375 0.6359375 0.87734375 0.6359375 0.80078125 0.628125 0.76796875 0.6265625 0.55390625 0.61875 0.48515625 0.6234375 0.34453125 0.6109375 0.28359375 0.61875 0.16796875 0.6140625 0.12734375 0.603125 0.10703125 0.6015625 0.08984375 0.60625 0.00078125 0.55625 0.00234375 0.5578125 0.09140625 0.5421875 0.17109375 0.540625 0.21796875 0.5625 0.28828125
0 0.79296875 1 0.7984375 0.99140625 0.7828125 0.87265625 0.784375 0.72890625 0.778125 0.70703125 0.778125 0.62578125 0.7671875 0.51953125 0.7640625 0.36640625 0.753125 0.34296875 0.7375 0.34765625 0.7234375 0.37421875 0.725 0.41015625 0.7390625 0.44609375 0.7390625 0.46796875 0.7328125 0.55234375 0.7125 0.59609375 0.7078125 0.62734375 0.709375 0.73203125 0.7015625 0.85234375 0.7078125 0.88984375 0.696875 0.95859375 0.70234375 1 0.79296875 1
0 0.8625 0.21484375 0.8578125 0.33203125 0.8703125 0.37109375 0.8796875 0.49609375 0.871875 0.60390625 0.8671875 0.60078125 0.8578125 0.67734375 0.8578125 0.98515625 0.86171875 0.9953125 0.87265625 0.9984375 0.96328125 1 0.96875 0.67421875 0.9609375 0.56015625 0.965625 0.54921875 0.9546875 0.43515625 0.959375 0.37421875 0.9546875 0.33984375 0.9609375 0.31484375 0.95625 0.22734375 0.9609375 0.21953125 0.9484375 0.18203125 0.953125 0.17109375 0.9484375 0.16328125 0.953125 0.16015625 0.95 0.14921875 0.9578125 0.14453125 0.9546875 0.13203125 0.96875 0.12734375 0.95625 0.11640625 0.96953125 0.115625 0.9703125 0.10859375 0.92890625 0.10625 0.93046875 0.0921875 0.9234375 0.09453125 0.925 0.10390625 0.91796875 0.1078125 0.9125 0.10546875 0.91484375 0.0921875 0.9078125 0.10078125 0.9078125 0.12265625 0.89765625 0.121875 0.9 0.09296875 0.8921875 0.08828125 0.89375 0.07734375 0.884375 0.07421875 0.884375 0.06171875 0.87734375 0.0609375 0.8765625 0.07421875 0.865625 0.07734375 0.8578125 0.12109375 0.8625 0.21484375
0 0.6734375 0.84765625 0.69921875 0.85625 0.703125 0.81328125 0.6765625 0.80703125 0.6734375 0.84765625
0 0.853125 0.81796875 0.8265625 0.81953125 0.82890625 0.853125 0.85625 0.85078125 0.8578125 0.82421875 0.853125 0.81796875
0 0.97421875 0.859375 0.99296875 0.853125 0.99609375 0.859375 0.9984375 0.85390625 0.996875 0.77578125 0.98515625 0.7890625 0.97734375 0.784375 0.96875 0.79921875 0.96875 0.85078125 0.97421875 0.859375
0 0.74453125 0.06875 0.7546875 0.08515625 0.7546875 0.17265625 0.740625 0.20703125 0.740625 0.22109375 0.77421875 0.275 0.8015625 0.22578125 0.7984375 0.18515625 0.7859375 0.15078125 0.7890625 0.04609375 0.78125 0.00078125 0.75 0.00078125 0.75 0.02265625 0.73125 0.05859375 0.7328125 0.06640625 0.74453125 0.06875
0 0.153125 0.75546875 0.1578125 0.73984375 0.1484375 0.71484375 0.13515625 0.715625 0.1265625 0.73203125 0.1296875 0.74921875 0.14140625 0.7578125 0.153125 0.75546875
0 0.81015625 0.75625 0.81875 0.74609375 0.8203125 0.73046875 0.809375 0.71953125 0.79765625 0.71875 0.7875 0.72734375 0.784375 0.74453125 0.79453125 0.759375 0.81015625 0.75625