0 0.03671875 0 0.0328125 0.35546875 0.0390625 0.40859375 0.040625 0.54453125 0.046875 0.57265625 0.040625 0.60546875 0.0453125 0.66015625 0.0390625 0.68671875 0.04375 0.75859375 0.0390625 0.79609375 0.0453125 0.80234375 0.0453125 0.83046875 0.05 0.83515625 0.04375 0.84140625 0.04375 0.85390625 0.0328125 0.85546875 0.04375 0.86171875 0.04375 0.86796875 0.0296875 0.87265625 0.0296875 0.89140625 0.04375 0.89453125 0.04609375 0.9109375 0.08984375 0.9078125 0.090625 0.87890625 0.11328125 0.8765625 0.1171875 0.88046875 0.11015625 0.8890625 0.10546875 0.88125 0.1 0.88828125 0.1 0.90703125 0.115625 0.91015625 0.1078125 0.92265625 0.1171875 0.92421875 0.125 0.92265625 0.12421875 0.909375 0.13046875 0.909375 0.13359375 0.9171875 0.140625 0.90703125 0.1421875 0.87890625 0.1359375 0.80078125 0.1421875 0.67421875 0.13125 0.63515625 0.121875 0.52109375 0.125 0.42265625 0.1421875 0.33203125 0.140625 0.00859375 0.10859375 0 0.03671875 0
0 0.284375 0.13203125 0.2984375 0.04765625 0.29921875 0 0.1984375 0.00234375 0.2125 0.10859375 0.2078125 0.13515625 0.2125 0.14921875 0.2078125 0.18359375 0.2125 0.27265625 0.209375 0.37421875 0.2328125 0.43828125 0.240625 0.53203125 0.2265625 0.62421875 0.234375 0.64453125 0.2484375 0.64921875 0.259375 0.64140625 0.2625 0.62578125 0.2765625 0.31953125 0.284375 0.27265625 0.284375 0.13203125
0 0.459375 0.78671875 0.4375 0.71328125 0.446875 0.66484375 0.446875 0.54140625 0.440625 0.48515625 0.4484375 0.43203125 0.440625 0.34921875 0.453125 0.26796875 0.475 0.23203125 0.4765625 0.18984375 0.459375 0.14453125 0.4390625 0.13828125 0.4421875 0.12109375 0.4578125 0.11171875 0.4625 0.08984375 0.45625 0.02421875 0.44609375 0 0.39140625 0.0015625 0.3375 0.08671875 0.3390625 0.09765625 0.3625 0.11796875 0.3671875 0.14921875 0.3640625 0.19921875 0.371875 0.23046875 0.3765625 0.34609375 0.3734375 0.44609375 0.3828125 0.55703125 0.3765625 0.65234375 0.3890625 0.71796875 0.38125 0.83046875 0.3859375 0.87109375 0.3984375 0.91015625 0.39375 0.99921875 0.446875 0.99921875 0.4421875 0.91015625 0.4546875 0.86640625 0.4578125 0.82890625 0.459375 0.78671875
0 0.55234375 0 0.55625 0.05234375 0.5140625 0.10703125 0.5171875 0.13046875 0.5375 0.15703125 0.528125 0.19296875 0.528125 0.21953125 0.5375 0.25234375 0.5390625 0.31171875 0.5484375 0.34609375 0.5390625 0.38671875 0.546875 0.48359375 0.5671875 0.51640625 0.571875 0.53515625 0.5640625 0.54609375 0.5734375 0.54921875 0.56875 0.56171875 0.5734375 0.56484375 0.5734375 0.62890625 0.565625 0.64921875 0.575 0.68984375 0.575 0.73046875 0.559375 0.77421875 0.553125 0.83046875 0.5578125 0.84765625 0.5546875 0.87109375 0.571875 0.91015625 0.575 0.94453125 0.5578125 0.96640625 0.5578125 0.99921875 0.64140625 1 0.64375 0.99453125 0.6421875 0.80859375 0.65 0.71953125 0.6546875 0.37578125 0.6640625 0.23515625 0.6640625 0.20078125 0.653125 0.17578125 0.6609375 0.05546875 0.65078125 0 0.55234375 0
0 0.74609375 0 0.7453125 0.03984375 0.7328125 0.08515625 0.7390625 0.13359375 0.75625 0.16484375 0.75625 0.18515625 0.728125 0.21171875 0.7296875 0.27890625 0.71875 0.36953125 0.7296875 0.42421875 0.7375 0.55703125 0.725 0.80703125 0.715625 0.85859375 0.72890625 0.91875 0.7328125 0.91171875 0.7359375 0.94765625 0.7328125 0.96171875 0.7265625 0.96484375 0.725 0.98359375 0.7328125 0.98984375 0.7328125 0.99921875 0.81640625 1 0.81875 0.99453125 0.815625 0.93359375 0.8296875 0.82109375 0.825 0.78203125 0.825 0.56484375 0.8375 0.42734375 0.8375 0.26015625 0.84375 0.22578125 0.8390625 0.16640625 0.85 0.08515625 0.83828125 0 0.74609375 0
0 0.92265625 0 0.9234375 0.06328125 0.9109375 0.08203125 0.9296875 0.11796875 0.9203125 0.14921875 0.9234375 0.19140625 0.9109375 0.21484375 0.9125 0.26484375 0.925 0.29140625 0.925 0.32578125 0.9421875 0.36796875 0.928125 0.47890625 0.9328125 0.58359375 0.925 0.72265625 0.915625 0.76328125 0.91875 0.79296875 0.9078125 0.82734375 0.928125 0.92109375 0.9265625 0.99921875 1 0.99921875 0.99921875 0 0.92265625 0
0 0.271875 0.77265625 0.24609375 0.721875 0.228125 0.74140625 0.2109375 0.78828125 0.221875 0.81953125 0.2234375 0.90078125 0.21875 0.92421875 0.2015625 0.93828125 0.2203125 0.97578125 0.2203125 0.99921875 0.25546875 1 0.2609375 0.96640625 0.259375 0.84609375 0.26875 0.81484375 0.271875 0.77265625
0 0.2875 0.24765625 0.2875 0.26953125 0.3015625 0.28046875 0.31484375 0.278125 0.3234375 0.26328125 0.31171875 0.24375 0.29609375 0.240625 0.2875 0.24765625
0 0.8453125 0.24765625 0.8421875 0.26015625 0.8515625 0.28515625 0.86171875 0.2859375 0.8734375 0.26796875 0.86875 0.24921875 0.85703125 0.2421875 0.8453125 0.24765625
0 0.14375 0.17890625 0.1765625 0.18203125 0.19921875 0.1828125 0.20625 0.17734375 0.2046875 0.14765625 0.14453125 0.1484375 0.14375 0.17890625
0 0.0046875 0.15390625 0.00625 0.18203125 0.0203125 0.22421875 0.0234375 0.27109375 0.0296875 0.27578125 0.021875 0.28671875 0.0296875 0.28984375 0.034375 0.13359375 0.0328125 0.12421875 0.02578125 0.1234375 0.0203125 0.14453125 0.0046875 0.15390625