0 0.678125 0.70078125 0.66796875 0.684375 0.653125 0.68359375 0.64375 0.68984375 0.6484375 0.73359375 0.65546875 0.74375 0.67109375 0.75 0.678125 0.70078125
0 0.7375 0.72578125 0.7515625 0.69921875 0.7453125 0.67734375 0.7359375 0.67109375 0.72421875 0.671875 0.71875 0.68671875 0.71875 0.71484375 0.72734375 0.728125 0.7375 0.72578125
0 0.68984375 0.7375 0.70078125 0.7359375 0.7125 0.71796875 0.7140625 0.67890625 0.7078125 0.67109375 0.69921875 0.671875 0.6875 0.68671875 0.6796875 0.71171875 0.6796875 0.72734375 0.68984375 0.7375
0 0.3640625 0.74140625 0.36171875 0.6734375 0.271875 0.67109375 0.21328125 0.6703125 0.2015625 0.67578125 0.20234375 0.7453125 0.33828125 0.746875 0.3640625 0.74140625
0 0.5296875 0.73671875 0.528125 0.71171875 0.5203125 0.70546875 0.53125 0.70078125 0.521875 0.69296875 0.4953125 0.69765625 0.4921875 0.73671875 0.50234375 0.7484375 0.51953125 0.746875 0.5296875 0.73671875
0 0.58046875 0.775 0.590625 0.75234375 0.5859375 0.74453125 0.596875 0.73515625 0.5921875 0.65078125 0.54140625 0.65 0.5375 0.65546875 0.5359375 0.73046875 0.54921875 0.771875 0.58046875 0.775
0 0.70703125 0.5359375 0.790625 0.53046875 0.78984375 0.4265625 0.6453125 0.42421875 0.5796875 0.42734375 0.58203125 0.53125 0.67265625 0.5359375 0.68359375 0.528125 0.70703125 0.5359375
0 0.17734375 0.5578125 0.26484375 0.5546875 0.2625 0.49296875 0.21015625 0.49375 0.2265625 0.48515625 0.225 0.46796875 0.21328125 0.459375 0.18828125 0.4578125 0.16484375 0.4671875 0.1625 0.44453125 0.15625 0.45078125 0.159375 0.49453125 0.13125 0.49921875 0.13125 0.55234375 0.17734375 0.5578125
0 0.36875 0.53359375 0.3703125 0.46484375 0.36484375 0.4578125 0.34296875 0.459375 0.3375 0.45546875 0.3421875 0.45078125 0.334375 0.44921875 0.3203125 0.45234375 0.3234375 0.53515625 0.33671875 0.5421875 0.36015625 0.5421875 0.36875 0.53359375
0 0.13359375 0.4953125 0.13125 0.55390625 0.20078125 0.5578125 0.29296875 0.553125 0.303125 0.53828125 0.30625 0.50859375 0.3125 0.50078125 0.30234375 0.49375 0.290625 0.49609375 0.284375 0.47421875 0.2890625 0.46640625 0.278125 0.47578125 0.26796875 0.5046875 0.26484375 0.4953125 0.23515625 0.490625 0.13359375 0.4953125
0 0.209375 0.22734375 0.21328125 0.2078125 0.24609375 0.2109375 0.26328125 0.2265625 0.27890625 0.221875 0.28359375 0.228125 0.28203125 0.1796875 0.290625 0.18984375 0.290625 0.21796875 0.3015625 0.23046875 0.296875 0.23359375 0.30078125 0.2390625 0.31171875 0.2390625 0.32265625 0.2265625 0.34609375 0.23125 0.35390625 0.2203125 0.36171875 0.221875 0.36953125 0.234375 0.38046875 0.2359375 0.40859375 0.2296875 0.41953125 0.21875 0.44296875 0.228125 0.453125 0.21796875 0.4546875 0.17265625 0.44921875 0.1609375 0.36953125 0.1609375 0.36171875 0.1546875 0.32265625 0.1609375 0.30078125 0.1578125 0.28359375 0.146875 0.27109375 0.1671875 0.25546875 0.15 0.24453125 0.1546875 0.234375 0.15078125 0.22265625 0.11875 0.2015625 0.11484375 0.1890625 0.11796875 0.171875 0.16015625 0.178125 0.19765625 0.19765625 0.23125 0.209375 0.22734375
0 0.47734375 0.6890625 0.46875 0.69921875 0.471875 0.73671875 0.48828125 0.7375 0.50546875 0.7515625 0.51953125 0.75 0.53125 0.74140625 0.53515625 0.725 0.5421875 0.76640625 0.54921875 0.7734375 0.57734375 0.778125 0.59765625 0.75625 0.60390625 0.765625 0.6171875 0.76953125 0.61875 0.78046875 0.62734375 0.7875 0.64765625 0.78125 0.66328125 0.7875 0.67578125 0.775 0.72578125 0.771875 0.73828125 0.7859375 0.75703125 0.775 0.76640625 0.7796875 0.78828125 0.775 0.80703125 0.7875 0.83828125 0.7890625 0.84921875 0.7796875 0.86328125 0.7875 0.87421875 0.771875 0.87890625 0.7796875 0.89453125 0.7796875 0.915625 0.76953125 0.91015625 0.7640625 0.89375 0.76953125 0.8921875 0.73515625 0.896875 0.72578125 0.8859375 0.71640625 0.9 0.70390625 0.9015625 0.69296875 0.9 0.68203125 0.88984375 0.6734375 0.878125 0.67421875 0.87578125 0.6875 0.8734375 0.67421875 0.86484375 0.66875 0.85078125 0.6796875 0.82578125 0.671875 0.81171875 0.6765625 0.79765625 0.6609375 0.74921875 0.665625 0.72421875 0.659375 0.67890625 0.6671875 0.66796875 0.659375 0.64140625 0.6625 0.61796875 0.65625 0.60546875 0.659375 0.60078125 0.6703125 0.5921875 0.65078125 0.54140625 0.65 0.53359375 0.7078125 0.5296875 0.68515625 0.52265625 0.6796875 0.47734375 0.6890625
0 0.103125 0.16328125 0.09765625 0.14375 0.0390625 0.13671875 0.01953125 0.1359375 0.015625 0.14921875 0.04296875 0.1765625 0.09296875 0.1734375 0.103125 0.16328125
0 0.83984375 0.53125 0.85234375 0.53125 0.86328125 0.5234375 0.88203125 0.525 0.89140625 0.540625 0.8984375 0.51640625 0.8875 0.44296875 0.86796875 0.4203125 0.85546875 0.4234375 0.84375 0.41484375 0.83046875 0.4140625 0.8203125 0.44140625 0.815625 0.43984375 0.815625 0.51171875 0.83984375 0.53125