0 0.84921875 1 0.85546875 0.99375 0.87578125 0.9921875 0.8984375 0.97109375 0.90234375 0.959375 0.76953125 0.9484375 0.56015625 0.95625 0.40703125 0.9546875 0.3796875 0.96015625 0.42890625 0.9796875 0.49765625 0.9828125 0.58203125 1 0.84921875 1
0 0.89453125 0.8625 0.77890625 0.85625 0.76640625 0.85 0.60703125 0.85 0.55859375 0.859375 0.41328125 0.8703125 0.39296875 0.875 0.38359375 0.884375 0.30390625 0.8828125 0.2953125 0.89296875 0.34453125 0.903125 0.38671875 0.9 0.42578125 0.9109375 0.68359375 0.9046875 0.82421875 0.8875 0.99921875 0.8859375 0.99921875 0.8515625 0.89453125 0.8625
0 0.45078125 0.740625 0.41171875 0.7484375 0.26640625 0.7546875 0.23984375 0.765625 0.2359375 0.77578125 0.53359375 0.7796875 0.55859375 0.775 0.99921875 0.7703125 0.99921875 0.7171875 0.95390625 0.73125 0.78203125 0.7203125 0.64140625 0.73125 0.46796875 0.73125 0.45078125 0.740625
0 0.99921875 0.640625 0.99921875 0.6140625 0.88828125 0.6125 0.84765625 0.6046875 0.82421875 0.5921875 0.80859375 0.5953125 0.78515625 0.6109375 0.74921875 0.615625 0.60390625 0.60625 0.51484375 0.615625 0.43984375 0.615625 0.42421875 0.6203125 0.421875 0.63046875 0.48828125 0.640625 0.57734375 0.640625 0.65703125 0.6515625 0.82421875 0.6578125 0.85546875 0.65625 0.90234375 0.6421875 0.99921875 0.640625
0 0.56171875 0.159375 0.571875 0.14609375 0.58046875 0.1140625 0.56484375 0.10625 0.39921875 0.109375 0.34765625 0.1203125 0.33125 0.13359375 0.36640625 0.153125 0.42109375 0.1640625 0.54609375 0.1640625 0.56171875 0.159375
0 0.29765625 0.1171875 0.20234375 0.1140625 0.17421875 0.1140625 0.14140625 0.128125 0.08046875 0.1296875 0.05546875 0.1140625 0.00078125 0.121875 0 0.14765625 0.03046875 0.1578125 0.09140625 0.1609375 0.11953125 0.1546875 0.17109375 0.16875 0.21484375 0.1703125 0.24765625 0.1609375 0.27734375 0.14375 0.31015625 0.140625 0.31328125 0.1296875 0.29765625 0.1171875
0 0.87734375 0.0015625 0.00078125 0 0 0.01640625 0.11796875 0.0265625 0.22109375 0.009375 0.23515625 0.0171875 0.31015625 0.028125 0.43203125 0.021875 0.51171875 0.03125 0.55234375 0.028125 0.62578125 0.034375 0.76796875 0.0203125 0.81640625 0.025 0.83203125 0.0140625 0.83984375 0.0203125 0.84765625 0.0140625 0.85390625 0.0203125 0.87265625 0.01875 0.87734375 0.0015625
0 0.99921875 0.0828125 0.94921875 0.084375 0.91640625 0.1 0.915625 0.10546875 0.94609375 0.121875 0.99765625 0.1234375 0.99921875 0.0828125
0 0.47578125 0.490625 0.42109375 0.4921875 0.415625 0.49765625 0.42578125 0.5125 0.44609375 0.51875 0.52265625 0.515625 0.52578125 0.503125 0.51796875 0.496875 0.47578125 0.490625
0 0.52421875 0.5171875 0.52890625 0.503125 0.51484375 0.4921875 0.46796875 0.4859375 0.34140625 0.490625 0.29453125 0.4828125 0.28359375 0.4859375 0.27890625 0.48125 0.20859375 0.4796875 0.12265625 0.49375 0.06484375 0.49375 0.03046875 0.503125 0.00390625 0.5 0 0.52890625 0.05234375 0.534375 0.17109375 0.5328125 0.30078125 0.5265625 0.37734375 0.515625 0.45234375 0.5234375 0.52421875 0.5171875
0 0.82421875 0.2171875 0.796875 0.23515625 0.79375 0.25078125 0.81171875 0.271875 0.83828125 0.275 0.8625 0.26015625 0.86640625 0.24375 0.84921875 0.2203125 0.82421875 0.2171875
0 0.75390625 0.1046875 0.73046875 0.1046875 0.7171875 0.11640625 0.76328125 0.15625 0.79765625 0.1515625 0.803125 0.14453125 0.80234375 0.128125 0.80078125 0.1125 0.75390625 0.1046875