0 1 0.00078125 0.00078125 0 0.00078125 0.0125 0.10546875 0.009375 0.12265625 0.0203125 0.18046875 0.0265625 0.23515625 0.0234375 0.28046875 0.03125 0.38203125 0.0359375 0.48671875 0.034375 0.54453125 0.025 0.69453125 0.0296875 0.76171875 0.0203125 0.78203125 0.0109375 0.79609375 0.0171875 0.83359375 0.015625 0.88046875 0.028125 0.93046875 0.028125 0.96171875 0.0171875 0.99140625 0.0203125 1 0.01328125 1 0.00078125
0 1 0.11953125 0.93984375 0.1140625 0.92109375 0.125 0.85859375 0.1265625 0.82734375 0.1125 0.80390625 0.1125 0.70078125 0.115625 0.66640625 0.125 0.63671875 0.1109375 0.59921875 0.10625 0.44296875 0.10625 0.425 0.11640625 0.41484375 0.15 0.42265625 0.1578125 0.45703125 0.165625 0.56484375 0.165625 0.63046875 0.1546875 0.67421875 0.140625 0.72109375 0.1484375 0.77265625 0.1703125 0.80546875 0.1734375 0.88515625 0.1578125 0.92734375 0.1625 0.99140625 0.15625 1 0.15078125 1 0.11953125
0 0.13359375 0.2515625 0.14453125 0.26875 0.17265625 0.278125 0.18828125 0.2734375 0.203125 0.25859375 0.20625 0.24296875 0.18984375 0.2234375 0.16171875 0.21875 0.1390625 0.23203125 0.13359375 0.2515625
0 0.00078125 0.125 0.05703125 0.1234375 0.08671875 0.1078125 0.0875 0.10234375 0.04609375 0.084375 0.00078125 0.084375 0.00078125 0.125
0 0.16953125 0.59375 0.1484375 0.61171875 0.14453125 0.6328125 0.16171875 0.65625 0.18203125 0.659375 0.19765625 0.6546875 0.209375 0.64296875 0.2140625 0.62421875 0.20703125 0.60625 0.18671875 0.5953125 0.16953125 0.59375
0 0.00078125 0.64375 0.08984375 0.6453125 0.14453125 0.6578125 0.18203125 0.659375 0.35546875 0.6515625 0.37109375 0.6453125 0.42265625 0.6421875 0.52109375 0.6421875 0.56015625 0.6359375 0.5703125 0.62421875 0.55234375 0.615625 0.49921875 0.6171875 0.40078125 0.6078125 0.24609375 0.615625 0.17109375 0.59375 0.15390625 0.6046875 0.11171875 0.6140625 0.00078125 0.615625 0.00078125 0.64375
0 0.24296875 0.725 0.00078125 0.725 0.00078125 0.771875 0.17734375 0.778125 0.44609375 0.7765625 0.53203125 0.7828125 0.75625 0.77421875 0.74375 0.76171875 0.74375 0.73359375 0.73828125 0.728125 0.24296875 0.725
0 0.30390625 0.853125 0.07734375 0.8609375 0.0765625 0.88359375 0.08203125 0.8859375 0.08828125 0.878125 0.090625 0.88828125 0.07421875 0.8953125 0.31015625 0.9046875 0.66015625 0.9015625 0.6640625 0.86796875 0.65703125 0.85625 0.57890625 0.8546875 0.30390625 0.853125
0 0.18984375 0.95 0.15546875 0.9546875 0.15390625 0.9671875 0.19921875 0.9765625 0.21484375 1 0.6171875 0.99921875 0.57265625 0.98125 0.50546875 0.978125 0.37890625 0.953125 0.27109375 0.9578125 0.18984375 0.95
0 0.14140625 1 0.215625 0.99921875 0.20078125 0.9765625 0.18203125 0.96875 0.16171875 0.96875 0.1453125 0.98203125 0.14140625 1
0 0.15546875 0.953125 0.14765625 0.965625 0.12421875 0.9671875 0.109375 0.98515625 0.11015625 1 0.6171875 0.99921875 0.57109375 0.98125 0.50703125 0.978125 0.39765625 0.9546875 0.26484375 0.95625 0.18359375 0.95 0.15546875 0.953125
0 0.00078125 0.9015625 0.10078125 0.896875 0.30546875 0.9046875 0.65390625 0.9015625 0.6625 0.89453125 0.6625 0.86328125 0.65703125 0.8578125 0.39140625 0.853125 0.00078125 0.8609375 0.00078125 0.9015625