0 0.4234375 0.43203125 0.4 0.40859375 0.4 0.39609375 0.4140625 0.38984375 0.40546875 0.3796875 0.43046875 0.3828125 0.446875 0.37109375 0.4546875 0.35703125 0.4546875 0.31796875 0.44765625 0.303125 0.42109375 0.2890625 0.271875 0.30078125 0.271875 0.48203125 0.26796875 0.5 0.259375 0.49140625 0.26015625 0.5078125 0.2703125 0.52265625 0.2734375 0.61640625 0.27890625 0.6296875 0.34140625 0.640625 0.39296875 0.6328125 0.4 0.62109375 0.39375 0.51796875 0.40546875 0.5109375 0.403125 0.57265625 0.41484375 0.5828125 0.42265625 0.5765625 0.4546875 0.57734375 0.4578125 0.49765625 0.44609375 0.4828125 0.42265625 0.4859375 0.42578125 0.4921875 0.4171875 0.48984375 0.4234375 0.43203125
0 0.01484375 0 0 0.00234375 0.00078125 0.11875 0.04140625 0.1203125 0.03984375 0.128125 0.06953125 0.13125 0.11484375 0.1328125 0.12890625 0.1265625 0.13671875 0.1328125 0.14140625 0.1265625 0.15703125 0.1265625 0.16171875 0.1171875 0.17578125 0.1171875 0.184375 0.12265625 0.16953125 0.1265625 0.19453125 0.1265625 0.19375 0.13515625 0.19921875 0.1375 0.20703125 0.1171875 0.215625 0.11953125 0.21171875 0.128125 0.23828125 0.128125 0.23984375 0.1359375 0.25078125 0.128125 0.26484375 0.1359375 0.26953125 0.121875 0.33203125 0.1265625 0.42734375 0.1203125 0.45390625 0.125 0.4640625 0.08515625 0.4578125 0.06640625 0.43984375 0.04375 0.40078125 0.0359375 0.28046875 0.0328125 0.271875 0.02421875 0.26796875 0 0.01484375 0
0 0.19921875 0.1015625 0.19921875 0.1078125 0.16796875 0.10625 0.15234375 0.1125 0.1453125 0.12265625 0.1515625 0.15078125 0.1375 0.18046875 0.1453125 0.18828125 0.1375 0.19296875 0.146875 0.19921875 0.1453125 0.21640625 0.1390625 0.21796875 0.1375 0.23203125 0.12890625 0.2375 0.1390625 0.25703125 0.1390625 0.29453125 0.1484375 0.30234375 0.1484375 0.31015625 0.14140625 0.3109375 0.13828125 0.31875 0.18046875 0.321875 0.21640625 0.359375 0.25078125 0.3515625 0.2671875 0.36484375 0.271875 0.17578125 0.2703125 0.12265625 0.26484375 0.109375 0.24609375 0.1015625 0.23671875 0.1015625 0.23046875 0.109375 0.20703125 0.1078125 0.19921875 0.1015625
0 0.24140625 0.6859375 0.23203125 0.6703125 0.221875 0.66796875 0.22109375 0.659375 0.2390625 0.65546875 0.23515625 0.6484375 0.221875 0.64765625 0.23203125 0.6390625 0.20078125 0.6171875 0.16875 0.61640625 0.17109375 0.609375 0.20703125 0.6078125 0.18359375 0.6 0.15546875 0.603125 0.15078125 0.5984375 0.12421875 0.6046875 0.11796875 0.596875 0.05234375 0.5984375 0.04609375 0.63125 0.01484375 0.6328125 0.01171875 0.6265625 0.04375 0.62421875 0.02421875 0.621875 0.025 0.60859375 0.01953125 0.603125 0.01015625 0.60625 0.0109375 0.59296875 0.00390625 0.5921875 0.00078125 0.7671875 0.18828125 0.7625 0.203125 0.75390625 0.1921875 0.74921875 0.20859375 0.7421875 0.25859375 0.7421875 0.26875 0.72578125 0.2625 0.69921875 0.265625 0.67890625 0.2609375 0.67578125 0.2671875 0.66328125 0.26171875 0.6671875 0.259375 0.66171875 0.2671875 0.65234375 0.246875 0.65234375 0.2578125 0.66015625 0.2421875 0.67109375 0.2484375 0.68046875 0.24140625 0.6859375
0 0.7484375 0.60390625 0.721875 0.56015625 0.70546875 0.5453125 0.66640625 0.553125 0.64921875 0.5671875 0.628125 0.56484375 0.63671875 0.5609375 0.59140625 0.5609375 0.59140625 0.56875 0.57109375 0.5703125 0.56796875 0.5609375 0.55078125 0.5609375 0.5421875 0.57734375 0.5453125 0.58515625 0.53203125 0.5953125 0.5375 0.59609375 0.5359375 0.60859375 0.5453125 0.61171875 0.5390625 0.61796875 0.5453125 0.62578125 0.5375 0.64296875 0.53984375 0.6546875 0.57109375 0.6546875 0.57578125 0.6609375 0.60078125 0.665625 0.64140625 0.6625 0.66953125 0.6828125 0.72578125 0.634375 0.76875 0.62421875 0.76015625 0.61875 0.76171875 0.625 0.75 0.62421875 0.7484375 0.60390625
0 0.78515625 0.2765625 0.80703125 0.278125 0.86953125 0.3 0.97578125 0.3 0.99609375 0.2921875 1 0.12265625 0.92421875 0.090625 0.83359375 0.0875 0.81484375 0.1015625 0.79140625 0.10625 0.7953125 0.16953125 0.8234375 0.18203125 0.8265625 0.21328125 0.81796875 0.21875 0.78984375 0.21875 0.78125 0.22734375 0.77890625 0.2703125 0.78515625 0.2765625
0 0.68359375 0.3125 0.7046875 0.30546875 0.7109375 0.27890625 0.70546875 0.2734375 0.66171875 0.271875 0.6546875 0.27734375 0.65546875 0.2890625 0.66171875 0.3078125 0.68359375 0.3125
0 0.1609375 0.56953125 0.12578125 0.5609375 0.1125 0.57578125 0.11171875 0.5859375 0.12421875 0.60625 0.14609375 0.6046875 0.1578125 0.59453125 0.1609375 0.56953125
0 0.04921875 0.396875 0.06328125 0.3890625 0.075 0.37265625 0.04453125 0.35 0.02109375 0.3484375 0.0125 0.35859375 0.01171875 0.38125 0.02265625 0.3953125 0.04921875 0.396875
0 0.60546875 0.0609375 0.62890625 0.0609375 0.6421875 0.04453125 0.63046875 0.021875 0.60390625 0.009375 0.5796875 0.01484375 0.57734375 0.0375 0.59140625 0.0546875 0.60546875 0.0609375
0 0.39609375 0.203125 0.36796875 0.2 0.35625 0.20703125 0.35703125 0.225 0.36796875 0.2359375 0.39453125 0.2359375 0.4078125 0.21640625 0.39609375 0.203125
0 0.45625 0.26484375 0.4546875 0.12578125 0.27421875 0.125 0.27265625 0.290625 0.27890625 0.296875 0.38515625 0.2890625 0.44765625 0.2921875 0.45625 0.26484375
0 1 0.00078125 0.00078125 0 0.00078125 0.7671875 0.46640625 0.7703125 0.99921875 0.7640625 1 0.00078125