0 0.10390625 0.3109375 0.09296875 0.328125 0.0859375 0.32578125 0.07890625 0.30625 0.06640625 0.3046875 0.05546875 0.3171875 0.04765625 0.30625 0.0234375 0.29921875 0.01953125 0.2765625 0.003125 0.27578125 0 0.38515625 0.01875 0.39609375 0.02421875 0.446875 0.06328125 0.4390625 0.07578125 0.446875 0.09296875 0.446875 0.1015625 0.44140625 0.1046875 0.42421875 0.12109375 0.40625 0.15390625 0.4 0.178125 0.38671875 0.178125 0.37109375 0.1625 0.35703125 0.159375 0.33984375 0.178125 0.25390625 0.1625 0.23515625 0.14921875 0.234375 0.1390625 0.24453125 0.146875 0.28359375 0.12109375 0.309375 0.10390625 0.3109375
0 0.146875 0.44921875 0.17578125 0.4859375 0.2046875 0.47265625 0.2125 0.44140625 0.2296875 0.42578125 0.2125 0.38828125 0.20078125 0.3890625 0.17890625 0.4109375 0.16484375 0.409375 0.15 0.42109375 0.146875 0.44921875
0 0.2046875 0.51171875 0.2140625 0.51953125 0.215625 0.53515625 0.228125 0.54453125 0.23359375 0.5609375 0.25078125 0.559375 0.2703125 0.53671875 0.26875 0.52265625 0.2546875 0.50703125 0.2625 0.49296875 0.28359375 0.4890625 0.2921875 0.48046875 0.28125 0.46015625 0.2859375 0.43515625 0.2625 0.42109375 0.2515625 0.42421875 0.23359375 0.4546875 0.21015625 0.4625 0.2078125 0.46953125 0.2046875 0.51171875
0 0.340625 0.40859375 0.3484375 0.44140625 0.3625 0.44921875 0.3515625 0.49765625 0.35625 0.53046875 0.36640625 0.5484375 0.38515625 0.534375 0.41328125 0.5328125 0.4203125 0.51953125 0.415625 0.45859375 0.4265625 0.43359375 0.4171875 0.40390625 0.40234375 0.4015625 0.39375 0.38828125 0.384375 0.39140625 0.37421875 0.4234375 0.35859375 0.3984375 0.34765625 0.4 0.340625 0.40859375
0 0 0.17578125 0.01328125 0.1796875 0.03671875 0.2 0.04453125 0.190625 0.05234375 0.190625 0.06953125 0.2140625 0.090625 0.20390625 0.0890625 0.17734375 0.1015625 0.16796875 0.1046875 0.15546875 0.13515625 0.159375 0.15625 0.13515625 0.1640625 0.11484375 0.1515625 0.07734375 0.14296875 0.0734375 0.13359375 0.0734375 0.12109375 0.0890625 0.10078125 0.0984375 0.0859375 0.09140625 0.0796875 0.07890625 0.0796875 0.00078125 0.05 0.00078125 0.04375 0.07421875 0.03515625 0.084375 0.01015625 0.0859375 0 0.10703125 0 0.17578125
0 0.62890625 0.015625 0.6203125 0.03203125 0.621875 0.06484375 0.63671875 0.0765625 0.65625 0.07890625 0.653125 0.10859375 0.6703125 0.13203125 0.66484375 0.1421875 0.6515625 0.14296875 0.653125 0.18046875 0.665625 0.18359375 0.6625 0.17890625 0.671875 0.17421875 0.678125 0.14140625 0.68828125 0.1390625 0.6890625 0.16484375 0.703125 0.16484375 0.7078125 0.18046875 0.746875 0.21953125 0.75859375 0.2484375 0.76484375 0.253125 0.77578125 0.25 0.7859375 0.23046875 0.7859375 0.21484375 0.771875 0.19921875 0.7671875 0.17890625 0.771875 0.13203125 0.7640625 0.12421875 0.7703125 0.11015625 0.76875 0.08515625 0.775 0.07578125 0.7703125 0.04765625 0.76015625 0.0375 0.72734375 0.04375 0.71484375 0.034375 0.69296875 0.0375 0.671875 0.01953125 0.6703125 0.00078125 0.65546875 0 0.65078125 0.0109375 0.64296875 0.009375 0.63671875 0.01875 0.62890625 0.015625
0 0.8859375 0.24453125 0.89375 0.27265625 0.921875 0.30390625 0.9328125 0.33203125 0.9328125 0.35703125 0.9265625 0.38515625 0.92109375 0.390625 0.90546875 0.390625 0.9 0.39921875 0.8890625 0.46484375 0.88359375 0.4734375 0.8625 0.48203125 0.85625 0.51171875 0.8609375 0.52890625 0.871875 0.53515625 0.88046875 0.5515625 0.90703125 0.559375 0.97734375 0.54375 0.9859375 0.56484375 0.984375 0.61015625 0.99765625 0.6140625 1 0.17734375 0.98515625 0.1734375 0.9796875 0.16484375 0.9890625 0.14453125 0.9859375 0.13828125 0.9671875 0.14921875 0.94453125 0.18125 0.91796875 0.184375 0.896875 0.19765625 0.8859375 0.24453125
0 1 0.76796875 0.97890625 0.7671875 0.965625 0.75390625 0.9609375 0.72109375 0.9125 0.72421875 0.9125 0.77265625 0.93203125 0.7796875 0.9359375 0.79296875 0.95703125 0.8015625 0.97109375 0.8203125 0.98203125 0.803125 1 0.79453125 1 0.76796875
0 0.89140625 0.89375 0.896875 0.88671875 0.9 0.87421875 0.890625 0.86328125 0.8921875 0.84140625 0.8859375 0.83671875 0.86953125 0.8359375 0.8546875 0.86640625 0.853125 0.88515625 0.86171875 0.9 0.89140625 0.89375
0 0.81171875 0.965625 0.8234375 0.95859375 0.8515625 0.91796875 0.8421875 0.90546875 0.81953125 0.909375 0.8 0.92890625 0.790625 0.94140625 0.79921875 0.9625 0.81171875 0.965625
0 0.9578125 0.98515625 0.9515625 0.96484375 0.93828125 0.975 0.92578125 0.975 0.915625 0.99921875 0.94765625 1 0.9578125 0.98515625
0 0.425 0.16796875 0.44375 0.13984375 0.446875 0.11015625 0.440625 0.09921875 0.428125 0.10234375 0.40625 0.13359375 0.4046875 0.16484375 0.41171875 0.1734375 0.425 0.16796875
0 0.4703125 0.10859375 0.4578125 0.11484375 0.4359375 0.17109375 0.44765625 0.1921875 0.4765625 0.12734375 0.4703125 0.10859375
0 0.5 0.18046875 0.49453125 0.1828125 0.4890625 0.17265625 0.5140625 0.13046875 0.5078125 0.08203125 0.4953125 0.08671875 0.4828125 0.11015625 0.478125 0.16015625 0.49453125 0.1921875 0.5 0.18046875
0 0.43984375 0.0796875 0.459375 0.06640625 0.4640625 0.04140625 0.453125 0.02421875 0.45625 0.00078125 0.4390625 0.00078125 0.4296875 0.02890625 0.4 0.05859375 0.40546875 0.071875 0.43984375 0.0796875
0 0.37109375 0.6203125 0.365625 0.63515625 0.3765625 0.65390625 0.38828125 0.709375 0.39609375 0.7015625 0.41328125 0.70625 0.42421875 0.6984375 0.4359375 0.66328125 0.4265625 0.62109375 0.409375 0.59921875 0.4078125 0.54765625 0.4015625 0.53671875 0.39296875 0.5375 0.3890625 0.54765625 0.3875 0.61640625 0.38203125 0.621875 0.37109375 0.6203125