0 0.47421875 0.9296875 0.44765625 0.9375 0.41953125 0.9703125 0.42265625 0.978125 0.44921875 0.990625 0.50703125 0.9984375 0.5171875 0.96171875 0.47421875 0.9296875
0 0.29765625 1 0.31953125 0.9921875 0.33125 0.97265625 0.3265625 0.93046875 0.29453125 0.915625 0.26953125 0.890625 0.23515625 0.884375 0.21796875 0.8953125 0.1921875 0.90078125 0.184375 0.96328125 0.17734375 0.9703125 0.18203125 1 0.29765625 1
0 0.34609375 0.925 0.33515625 0.9265625 0.33359375 0.9328125 0.334375 0.99609375 0.37421875 1 0.3796875 0.98203125 0.378125 0.93046875 0.34609375 0.925
0 0.54921875 1 0.5484375 0.91328125 0.5359375 0.89609375 0.534375 0.86171875 0.51640625 0.85625 0.47109375 0.8609375 0.465625 0.89296875 0.45859375 0.896875 0.39453125 0.896875 0.38125 0.90546875 0.37578125 0.925 0.33203125 0.9296875 0.29921875 0.9171875 0.26953125 0.890625 0.23671875 0.884375 0.21484375 0.8953125 0.19609375 0.896875 0.1796875 0.91796875 0.184375 0.92734375 0.18125 0.94140625 0.13359375 0.9828125 0.14765625 0.9890625 0.17109375 0.98125 0.18046875 1 0.30390625 1 0.32890625 0.9921875 0.33515625 1 0.54921875 1
0 0.0484375 0.73203125 0.0484375 0.74140625 0.034375 0.75234375 0.034375 0.76015625 0.04765625 0.76875 0.08203125 0.7765625 0.08828125 0.7671875 0.12578125 0.7671875 0.12890625 0.7515625 0.13359375 0.7703125 0.19921875 0.7671875 0.21171875 0.78125 0.2515625 0.77578125 0.24921875 0.7578125 0.22734375 0.7515625 0.19453125 0.728125 0.18203125 0.709375 0.13984375 0.7078125 0.134375 0.67109375 0.10390625 0.65 0.08046875 0.6578125 0.078125 0.63359375 0.06328125 0.61875 0.02265625 0.6234375 0.0171875 0.62734375 0.021875 0.63046875 0.01875 0.64453125 0.00078125 0.65625 0 0.66796875 0.01640625 0.671875 0.034375 0.69609375 0.0234375 0.71171875 0.0484375 0.73203125
0 0.25859375 0 0.2484375 0.03828125 0.2609375 0.05078125 0.2390625 0.06953125 0.29140625 0.078125 0.30625 0.08828125 0.28515625 0.0921875 0.284375 0.10234375 0.275 0.10859375 0.2921875 0.11640625 0.28515625 0.134375 0.24921875 0.13125 0.22578125 0.1375 0.22890625 0.18125 0.29609375 0.18125 0.30390625 0.1609375 0.35078125 0.1625 0.37109375 0.178125 0.38984375 0.175 0.4015625 0.15234375 0.4078125 0.11953125 0.42578125 0.103125 0.446875 0.09453125 0.440625 0.05234375 0.446875 0.02109375 0.39921875 0.015625 0.38671875 0 0.25859375 0
0 0.09296875 0 0.0828125 0.03359375 0.07265625 0.04375 0.00078125 0.046875 0.00078125 0.075 0.08046875 0.078125 0.0984375 0.09296875 0.090625 0.11484375 0.071875 0.13203125 0.07265625 0.153125 0.03046875 0.153125 0.0140625 0.16796875 0.0265625 0.18828125 0.02734375 0.2015625 0.028125 0.18828125 0.0328125 0.18828125 0.03359375 0.215625 0.0453125 0.21484375 0.0375 0.20859375 0.04453125 0.1875 0.06796875 0.1875 0.06953125 0.1984375 0.08828125 0.1984375 0.090625 0.20703125 0.07890625 0.2140625 0.0484375 0.21484375 0.08046875 0.2234375 0.09140625 0.2234375 0.10625 0.21171875 0.109375 0.18359375 0.08515625 0.1671875 0.0796875 0.15703125 0.08984375 0.1546875 0.11328125 0.1640625 0.13984375 0.153125 0.159375 0.13515625 0.153125 0.10703125 0.17734375 0.0890625 0.20234375 0.090625 0.215625 0.06953125 0.1890625 0.04921875 0.2 0.03359375 0.1796875 0.01171875 0.17734375 0 0.09296875 0
0 0.44140625 0.2125 0.47265625 0.203125 0.4828125 0.18203125 0.45625 0.17578125 0.48125 0.15859375 0.484375 0.14765625 0.44296875 0.14375 0.41640625 0.153125 0.40625 0.16171875 0.409375 0.17734375 0.3984375 0.18359375 0.38671875 0.203125 0.39140625 0.21875 0.40390625 0.215625 0.41484375 0.2265625 0.42578125 0.228125 0.44140625 0.2125
0 0.4890625 0.27890625 0.48515625 0.265625 0.50546875 0.253125 0.52265625 0.2671875 0.53984375 0.2671875 0.559375 0.24921875 0.5609375 0.23203125 0.54453125 0.2265625 0.53515625 0.2140625 0.51953125 0.2125 0.51328125 0.203125 0.49765625 0.2015625 0.46171875 0.2140625 0.44921875 0.2359375 0.41953125 0.253125 0.43515625 0.2921875 0.44921875 0.2796875 0.46015625 0.2796875 0.47890625 0.2921875 0.4890625 0.27890625
0 0.48125 0.48515625 0.48671875 0.4984375 0.50078125 0.5046875 0.503125 0.49609375 0.4953125 0.48359375 0.5046875 0.44609375 0.490625 0.42578125 0.51015625 0.4234375 0.5375 0.41015625 0.5375 0.38203125 0.5484375 0.36484375 0.53203125 0.3546875 0.49765625 0.35 0.44921875 0.35625 0.44140625 0.346875 0.40703125 0.3390625 0.3984375 0.34921875 0.4 0.37734375 0.39140625 0.384375 0.40234375 0.415625 0.45234375 0.425 0.46875 0.43515625 0.45625 0.46328125 0.48125 0.48515625
0 0.6890625 0.38046875 0.66328125 0.365625 0.63984375 0.36875 0.61328125 0.3875 0.6140625 0.39609375 0.63828125 0.41875 0.66171875 0.4171875 0.6953125 0.40078125 0.6890625 0.38046875
0 0.49765625 0 0.5046875 0.00703125 0.48984375 0.015625 0.45859375 0.0171875 0.50546875 0.025 0.52265625 0.0484375 0.54765625 0.04375 0.56640625 0.0484375 0.5765625 0.02265625 0.58671875 0.0140625 0.63671875 0.0140625 0.675 0.02265625 0.66953125 0.0484375 0.68984375 0.04375 0.71484375 0.0609375 0.7265625 0.05234375 0.7328125 0.01015625 0.72265625 0 0.60078125 0 0.58828125 0.00625 0.58203125 0 0.49765625 0
0 0.74921875 0.709375 0.70859375 0.7109375 0.69140625 0.7234375 0.67734375 0.7140625 0.66328125 0.7140625 0.62734375 0.734375 0.63359375 0.746875 0.64765625 0.753125 0.72421875 0.7578125 0.7546875 0.75234375 0.74921875 0.709375
0 0.74453125 0.678125 0.73203125 0.6921875 0.73828125 0.709375 0.75390625 0.709375 0.7671875 0.69140625 0.76328125 0.6796875 0.74453125 0.678125
0 0.99921875 0 0.77265625 0.0046875 0.73515625 0.00625 0.73046875 0.0109375 0.73125 0.02734375 0.75078125 0.034375 0.97578125 0.0375 1 0.04296875 0.99921875 0
0 0.13515625 0.8375 0.13046875 0.85 0.13671875 0.871875 0.23359375 0.8734375 0.2609375 0.86640625 0.25703125 0.8375 0.13515625 0.8375
0 0.15078125 0.5125 0.1609375 0.51796875 0.153125 0.52421875 0.15703125 0.5265625 0.17578125 0.525 0.184375 0.48203125 0.184375 0.41953125 0.16328125 0.403125 0.09140625 0.4046875 0.08671875 0.4109375 0.090625 0.44140625 0.1 0.45234375 0.090625 0.46953125 0.0875 0.50859375 0.15078125 0.5125
0 0.07734375 0.453125 0.0875 0.45390625 0.078125 0.50546875 0.08984375 0.5140625 0.1375 0.51796875 0.13125 0.52578125 0.1359375 0.55078125 0.13125 0.56796875 0.1234375 0.57265625 0.13671875 0.5859375 0.1484375 0.58359375 0.14453125 0.575 0.16171875 0.578125 0.1609375 0.59140625 0.14453125 0.59375 0.1375 0.60546875 0.14609375 0.6171875 0.17109375 0.6171875 0.1875 0.58671875 0.171875 0.58046875 0.1828125 0.52265625 0.1828125 0.41640625 0.16640625 0.403125 0.11640625 0.4046875 0.09609375 0.384375 0.0875 0.39140625 0.08515625 0.40625 0.06015625 0.396875 0.03046875 0.4171875 0.01953125 0.4140625 0.01484375 0.4265625 0.00078125 0.4328125 0.00078125 0.4578125 0.02734375 0.4546875 0.03984375 0.465625 0.06953125 0.4671875 0.07734375 0.453125
0 0.80078125 1 0.8234375 0.96796875 0.8109375 0.95546875 0.815625 0.94140625 0.78359375 0.93125 0.778125 0.91328125 0.77109375 0.909375 0.72265625 0.9109375 0.71953125 0.9359375 0.72109375 0.9609375 0.7609375 0.97578125 0.76171875 1 0.80078125 1
0 0.9 0.86171875 0.89140625 0.853125 0.86796875 0.8515625 0.83671875 0.8609375 0.83984375 0.890625 0.86484375 0.890625 0.87734375 0.8984375 0.8953125 0.88671875 0.9 0.86171875
0 0.90546875 0.79375 0.90625 0.84765625 0.95703125 0.846875 0.9578125 0.79140625 0.91015625 0.7859375 0.90546875 0.79375
0 0.446875 0.61015625 0.44609375 0.6328125 0.45546875 0.6453125 0.471875 0.63828125 0.4703125 0.61328125 0.46171875 0.603125 0.446875 0.61015625
0 0.42734375 0.5359375 0.440625 0.52734375 0.43359375 0.515625 0.41484375 0.5234375 0.42734375 0.5359375
0 0.51796875 0.5578125 0.51015625 0.565625 0.509375 0.57109375 0.52265625 0.58125 0.5390625 0.57265625 0.52890625 0.5578125 0.51796875 0.5578125
0 0.53984375 0.5921875 0.55625 0.58984375 0.55078125 0.5796875 0.53828125 0.58125 0.53984375 0.5921875
0 0.28046875 0.425 0.28984375 0.4328125 0.2984375 0.42890625 0.29296875 0.4171875 0.28515625 0.4171875 0.28046875 0.425
0 0.28359375 0.240625 0.28671875 0.25 0.33984375 0.259375 0.346875 0.25390625 0.32421875 0.2375 0.28359375 0.240625