0 0.8578125 0.78203125 0.8375 0.78984375 0.83203125 0.840625 0.83828125 0.8484375 0.86015625 0.8390625 0.87109375 0.840625 0.88515625 0.8609375 0.90078125 0.8625 0.93671875 0.8453125 0.96953125 0.840625 0.99765625 0.8234375 1 0.69453125 0.98984375 0.6875 0.97265625 0.6921875 0.93203125 0.7453125 0.91640625 0.7453125 0.90078125 0.7546875 0.86328125 0.7546875 0.8578125 0.78203125
0 0.3171875 0.23515625 0.321875 0.21015625 0.35234375 0.2078125 0.36875 0.19453125 0.3734375 0.16640625 0.3671875 0.13515625 0.32421875 0.0625 0.29453125 0.0625 0.29296875 0.06875 0.27265625 0.071875 0.24765625 0.06875 0.22265625 0.078125 0.20859375 0.0640625 0.18671875 0.0546875 0.14765625 0.071875 0.1453125 0.09921875 0.1 0.13828125 0.0859375 0.16015625 0.0859375 0.19453125 0.0828125 0.20546875 0.0765625 0.20703125 0.07421875 0.2484375 0.06953125 0.2375 0.05859375 0.240625 0.04296875 0.21875 0.02265625 0.221875 0.0203125 0.20546875 0.01484375 0.2109375 0.01328125 0.203125 0.00703125 0.20625 0.0015625 0.18828125 0 0.29609375 0.03671875 0.29375 0.0328125 0.29921875 0.04140625 0.3015625 0.04140625 0.290625 0.021875 0.28828125 0.02578125 0.2765625 0.03828125 0.2828125 0.05703125 0.2703125 0.07421875 0.275 0.0671875 0.29140625 0.06953125 0.296875 0.075 0.29453125 0.075 0.32109375 0.07265625 0.3265625 0.03515625 0.321875 0.03671875 0.3265625 0.01953125 0.328125 0.01953125 0.3203125 0.0015625 0.31484375 0.00078125 0.41875 0.02265625 0.4234375 0.0359375 0.41640625 0.03046875 0.4078125 0.03828125 0.415625 0.04609375 0.4046875 0.06953125 0.4046875 0.08984375 0.4078125 0.09296875 0.421875 0.10078125 0.3734375 0.18984375 0.371875 0.246875 0.34765625 0.2796875 0.31015625 0.2859375 0.27890625 0.2984375 0.26015625 0.2953125 0.25546875 0.3171875 0.23515625
0 0.57265625 0.1875 0.57578125 0.1921875 0.62578125 0.184375 0.65234375 0.1890625 0.68515625 0.1828125 0.69765625 0.1890625 0.70546875 0.18125 0.72265625 0.1828125 0.73671875 0.16875 0.76015625 0.1640625 0.7640625 0.15234375 0.70859375 0.1359375 0.60859375 0.15 0.59453125 0.140625 0.57890625 0.140625 0.571875 0.15390625 0.57265625 0.1875
0 0.58984375 0.234375 0.73203125 0.23125 0.753125 0.21484375 0.74375 0.19921875 0.7515625 0.18359375 0.74765625 0.1765625 0.72265625 0.171875 0.71796875 0.178125 0.61015625 0.184375 0.58671875 0.1890625 0.58359375 0.196875 0.57578125 0.1890625 0.57421875 0.2203125 0.57578125 0.228125 0.58984375 0.234375
0 0.69765625 0.540625 0.66875 0.55234375 0.66796875 0.578125 0.73359375 0.6015625 0.7484375 0.58984375 0.746875 0.58203125 0.759375 0.56953125 0.74765625 0.5640625 0.72890625 0.5390625 0.69765625 0.540625
0 0.06796875 0.5359375 0.02890625 0.5453125 0.02265625 0.559375 0.03984375 0.578125 0.05859375 0.584375 0.08359375 0.5828125 0.096875 0.57421875 0.1015625 0.56171875 0.09140625 0.5421875 0.06796875 0.5359375
0 0.15703125 0.6640625 0.17109375 0.68125 0.19296875 0.68125 0.2 0.67578125 0.2015625 0.65859375 0.18671875 0.64375 0.16640625 0.64375 0.1578125 0.64921875 0.15703125 0.6640625
0 0.16015625 0.7265625 0.165625 0.71484375 0.15703125 0.7015625 0.13046875 0.696875 0.11875 0.71328125 0.11953125 0.7234375 0.14453125 0.7328125 0.16015625 0.7265625
0 0.56875 0.14140625 0.55703125 0.1359375 0.54140625 0.1453125 0.53359375 0.1375 0.49765625 0.1328125 0.47265625 0.140625 0.46640625 0.1359375 0.44921875 0.1359375 0.44609375 0.1421875 0.43359375 0.1359375 0.38984375 0.140625 0.384375 0.14609375 0.38359375 0.209375 0.3859375 0.21953125 0.39921875 0.228125 0.42734375 0.225 0.44296875 0.2265625 0.44609375 0.2328125 0.45078125 0.2265625 0.45859375 0.2328125 0.47109375 0.2234375 0.50859375 0.2265625 0.52109375 0.1859375 0.52421875 0.1953125 0.54453125 0.2 0.5453125 0.21328125 0.55078125 0.215625 0.565625 0.20546875 0.56875 0.14140625
0 0.86640625 0.0578125 0.8796875 0.04609375 0.8875 0.02109375 0.85390625 0.0015625 0.82109375 0.0046875 0.8046875 0.01640625 0.80234375 0.0453125 0.81796875 0.053125 0.82578125 0.06875 0.84296875 0.0703125 0.85078125 0.05625 0.86640625 0.0578125
0 0.96328125 0.090625 0.94765625 0.090625 0.94296875 0.0796875 0.93203125 0.0796875 0.92578125 0.09375 0.91015625 0.09375 0.90859375 0.1 0.91796875 0.115625 0.95390625 0.1265625 0.98125 0.11640625 0.97734375 0.0984375 0.96328125 0.090625
0 0.48203125 0 0.48125 0.00859375 0.4703125 0.01328125 0.46953125 0.028125 0.48828125 0.0421875 0.503125 0.03984375 0.5015625 0.01171875 0.49296875 0 0.48203125 0
0 0.57109375 0.015625 0.58828125 0.0203125 0.5984375 0.01328125 0.5984375 0.00078125 0.55078125 0 0.54609375 0.0125 0.55234375 0.0203125 0.57109375 0.015625