0 0.99609375 0.546875 1 0.37890625 0.93125 0.37578125 0.91875 0.40390625 0.90859375 0.4 0.9 0.41171875 0.9109375 0.46953125 0.9125 0.53203125 0.93515625 0.55 0.96640625 0.5421875 0.99609375 0.546875
0 0.97578125 0.546875 0.9828125 0.55546875 0.9828125 0.59921875 0.99609375 0.609375 1 0.16640625 0.9984375 0.13984375 0.975 0.13671875 0.92265625 0.1390625 0.9203125 0.18515625 0.90078125 0.1859375 0.8984375 0.19609375 0.903125 0.19921875 0.890625 0.20234375 0.8890625 0.28671875 0.91875 0.29140625 0.9265625 0.37265625 0.91796875 0.3859375 0.9 0.39140625 0.8890625 0.46484375 0.8609375 0.46953125 0.85625 0.52578125 0.86640625 0.5375 0.91171875 0.5375 0.92890625 0.5515625 0.97578125 0.546875
0 0.8390625 0.16328125 0.8 0.17109375 0.7984375 0.21796875 0.80234375 0.23125 0.83046875 0.23125 0.8453125 0.26796875 0.85390625 0.271875 0.8625 0.24140625 0.8734375 0.22734375 0.875 0.19453125 0.86875 0.14921875 0.859375 0.12578125 0.840625 0.11328125 0.8359375 0.11953125 0.8421875 0.14453125 0.8390625 0.16328125
0 0.728125 0.19765625 0.75 0.22890625 0.7546875 0.25078125 0.76640625 0.25625 0.784375 0.23359375 0.784375 0.20859375 0.76875 0.18515625 0.76875 0.09140625 0.7796875 0.07890625 0.76015625 0.034375 0.73359375 0.0484375 0.71640625 0.0265625 0.7078125 0.02421875 0.69765625 0.0359375 0.67734375 0.0265625 0.6703125 0.03046875 0.6671875 0.07421875 0.6515625 0.09921875 0.6515625 0.10859375 0.6671875 0.13203125 0.65 0.15546875 0.65 0.16484375 0.67421875 0.171875 0.67734375 0.18125 0.6828125 0.18046875 0.68515625 0.1703125 0.68984375 0.18125 0.6953125 0.14140625 0.70546875 0.1375 0.7078125 0.18046875 0.728125 0.19765625
0 0.50703125 0.0859375 0.46796875 0.090625 0.45390625 0.1 0.42578125 0.0859375 0.4109375 0.08671875 0.4046875 0.09140625 0.403125 0.16328125 0.41953125 0.184375 0.48203125 0.184375 0.515625 0.17578125 0.5125 0.09453125 0.50703125 0.0859375
0 0.4375 0.00078125 0.4296875 0.02734375 0.3984375 0.05703125 0.40546875 0.0734375 0.42578125 0.0796875 0.45078125 0.0734375 0.4640625 0.04921875 0.4515625 0.02421875 0.4546875 0.00078125 0.4375 0.00078125
0 0 0.17578125 0.02109375 0.1765625 0.02421875 0.2 0.07421875 0.2078125 0.0890625 0.19921875 0.10703125 0.1546875 0.13515625 0.159375 0.153125 0.13984375 0.1640625 0.11328125 0.15546875 0.0796875 0.17578125 0.084375 0.18046875 0.103125 0.18359375 0.09375 0.19296875 0.10625 0.21171875 0.10625 0.2203125 0.09453125 0.2203125 0.06953125 0.215625 0.03515625 0.19453125 0.03125 0.1890625 0.03359375 0.19375 0.04296875 0.190625 0.07265625 0.1859375 0.02421875 0.16796875 0.015625 0.1546875 0.02578125 0.153125 0.07265625 0.13203125 0.071875 0.11640625 0.090625 0.09453125 0.1 0.078125 0.08671875 0.0765625 0.00078125 0.0484375 0.00078125 0.04375 0.07265625 0.03671875 0.0828125 0.01015625 0.0890625 0 0.09765625 0 0.17578125
0 0 0.38828125 0.0171875 0.39453125 0.02265625 0.446875 0.05546875 0.440625 0.07890625 0.4484375 0.09453125 0.446875 0.10625 0.42109375 0.12109375 0.40625 0.15078125 0.4015625 0.1765625 0.38828125 0.1765625 0.36953125 0.1609375 0.35078125 0.1609375 0.31953125 0.1765625 0.24921875 0.1484375 0.21953125 0.13125 0.24453125 0.1359375 0.28046875 0.11953125 0.2984375 0.10859375 0.2921875 0.10234375 0.2953125 0.08984375 0.31875 0.06640625 0.2640625 0.06171875 0.26875 0.03828125 0.2640625 0.01796875 0.26875 0.00703125 0.259375 0 0.26171875 0 0.38828125
0 0.228125 0.42578125 0.2265625 0.41484375 0.215625 0.40390625 0.21875 0.39140625 0.2046875 0.38515625 0.17890625 0.40625 0.16171875 0.40625 0.1484375 0.41953125 0.1453125 0.45078125 0.17578125 0.4875 0.190625 0.47890625 0.228125 0.42578125
0 0.2359375 0.44921875 0.2125 0.46484375 0.203125 0.48828125 0.203125 0.51328125 0.2140625 0.52109375 0.21875 0.54765625 0.23203125 0.5609375 0.24765625 0.559375 0.2671875 0.53984375 0.26875 0.52578125 0.2546875 0.50859375 0.265625 0.48671875 0.27734375 0.4890625 0.290625 0.48203125 0.278125 0.45390625 0.29375 0.43828125 0.25625 0.41953125 0.2359375 0.44921875
0 0.41953125 0.4515625 0.425 0.43046875 0.4171875 0.40546875 0.39921875 0.3984375 0.3875 0.38515625 0.37265625 0.4078125 0.34921875 0.3984375 0.3390625 0.40859375 0.346875 0.44296875 0.3609375 0.45078125 0.35 0.48046875 0.35 0.50078125 0.3546875 0.53203125 0.36640625 0.55 0.38359375 0.5359375 0.40234375 0.5390625 0.41015625 0.534375 0.41875 0.51796875 0.41484375 0.5078125 0.47734375 0.5078125 0.4828125 0.49296875 0.4796875 0.45390625 0.41953125 0.4515625
0 0.41328125 0.690625 0.4296875 0.66640625 0.4203125 0.62421875 0.403125 0.61328125 0.3765625 0.63984375 0.3828125 0.67421875 0.39609375 0.6953125 0.41328125 0.690625
0 0.41953125 0.7015625 0.434375 0.66484375 0.415625 0.59765625 0.415625 0.53984375 0.409375 0.53359375 0.3984375 0.54453125 0.390625 0.61171875 0.38359375 0.6203125 0.37109375 0.621875 0.365625 0.63515625 0.38828125 0.70625 0.41953125 0.7015625
0 0.73125 0.62734375 0.71640625 0.628125 0.7109375 0.63515625 0.7109375 0.70703125 0.75078125 0.709375 0.7515625 0.63046875 0.73125 0.62734375
0 0.753125 0.63515625 0.74453125 0.6265625 0.7234375 0.62734375 0.7109375 0.63359375 0.7109375 0.70859375 0.721875 0.71328125 0.7234375 0.73984375 0.74453125 0.74375 0.7609375 0.72734375 0.753125 0.70390625 0.753125 0.63515625
0 0.00625 0.72890625 0 0.99921875 0.04296875 1 0.0375 0.97578125 0.034375 0.74609375 0.02890625 0.7296875 0.00625 0.72890625
0 0 0.72109375 0.00703125 0.7296875 0.05390625 0.7265625 0.0609375 0.71484375 0.0578125 0.70390625 0.0453125 0.69609375 0.03984375 0.6796875 0.02578125 0.68125 0.01875 0.67421875 0.0109375 0.60546875 0.00625 0.60234375 0 0.60546875 0 0.72109375
0 1 0.76953125 0.97578125 0.7671875 0.9609375 0.72578125 0.9515625 0.72421875 0.93984375 0.734375 0.93359375 0.7328125 0.9109375 0.75546875 0.9109375 0.76328125 0.93125 0.78046875 0.93984375 0.7984375 0.95234375 0.8 0.97109375 0.8203125 0.98046875 0.8046875 1 0.79453125 1 0.76953125
0 0.8640625 0.83359375 0.8578125 0.84453125 0.8625 0.86484375 0.8515625 0.87734375 0.86015625 0.9 0.89296875 0.890625 0.8984375 0.87578125 0.8796875 0.85390625 0.878125 0.84140625 0.8640625 0.83359375
0 0.81796875 0.9625 0.8484375 0.92109375 0.8484375 0.91328125 0.8359375 0.90546875 0.81640625 0.9109375 0.7890625 0.94140625 0.79609375 0.9609375 0.81796875 0.9625