0 0.0703125 0.47421875 0.0625 0.44765625 0.0296875 0.41953125 0.021875 0.42265625 0.009375 0.44921875 0.0015625 0.50703125 0.03828125 0.5171875 0.0703125 0.47421875
0 0 0.29765625 0.0078125 0.31953125 0.02734375 0.33125 0.06953125 0.3265625 0.084375 0.29453125 0.109375 0.26953125 0.115625 0.23515625 0.1046875 0.21796875 0.09921875 0.1921875 0.03671875 0.184375 0.0296875 0.17734375 0 0.18203125 0 0.29765625
0 0.075 0.34609375 0.0734375 0.33515625 0.0671875 0.33359375 0.00390625 0.334375 0 0.37421875 0.01796875 0.3796875 0.06953125 0.378125 0.075 0.34609375
0 0 0.54921875 0.08671875 0.5484375 0.10390625 0.5359375 0.13828125 0.534375 0.14375 0.51640625 0.1390625 0.47109375 0.10703125 0.465625 0.103125 0.45859375 0.103125 0.39453125 0.09453125 0.38125 0.075 0.37578125 0.0703125 0.33203125 0.0828125 0.29921875 0.109375 0.26953125 0.115625 0.23671875 0.1046875 0.21484375 0.103125 0.19609375 0.08203125 0.1796875 0.07265625 0.184375 0.05859375 0.18125 0.0171875 0.13359375 0.0109375 0.14765625 0.01875 0.17109375 0 0.18046875 0 0.30390625 0.0078125 0.32890625 0 0.33515625 0 0.54921875
0 0.26796875 0.0484375 0.25859375 0.0484375 0.24765625 0.034375 0.23984375 0.034375 0.23125 0.04765625 0.2234375 0.08203125 0.2328125 0.08828125 0.2328125 0.12578125 0.2484375 0.12890625 0.2296875 0.13359375 0.2328125 0.19921875 0.21875 0.21171875 0.22421875 0.2515625 0.2421875 0.24921875 0.2484375 0.22734375 0.271875 0.19453125 0.290625 0.18203125 0.2921875 0.13984375 0.32890625 0.134375 0.35 0.10390625 0.3421875 0.08046875 0.36640625 0.078125 0.38125 0.06328125 0.3765625 0.02265625 0.37265625 0.0171875 0.36953125 0.021875 0.35546875 0.01875 0.34375 0.00078125 0.33203125 0 0.328125 0.01640625 0.30390625 0.034375 0.28828125 0.0234375 0.26796875 0.0484375
0 1 0.25859375 0.96171875 0.2484375 0.94921875 0.2609375 0.93046875 0.2390625 0.921875 0.29140625 0.91171875 0.30625 0.9078125 0.28515625 0.89765625 0.284375 0.89140625 0.275 0.88359375 0.2921875 0.865625 0.28515625 0.86875 0.24921875 0.8625 0.22578125 0.81875 0.22890625 0.81875 0.29609375 0.8390625 0.30390625 0.8375 0.35078125 0.821875 0.37109375 0.825 0.38984375 0.84765625 0.4015625 0.88046875 0.4078125 0.896875 0.42578125 0.90546875 0.446875 0.94765625 0.440625 0.97890625 0.446875 0.984375 0.39921875 1 0.38671875 1 0.25859375
0 1 0.09296875 0.96640625 0.0828125 0.95625 0.07265625 0.953125 0.00078125 0.925 0.00078125 0.921875 0.08046875 0.90703125 0.0984375 0.88515625 0.090625 0.86796875 0.071875 0.846875 0.07265625 0.846875 0.03046875 0.83203125 0.0140625 0.81171875 0.0265625 0.7984375 0.02734375 0.81171875 0.028125 0.81171875 0.0328125 0.784375 0.03359375 0.78515625 0.0453125 0.79140625 0.0375 0.8125 0.04453125 0.8125 0.06796875 0.8015625 0.06953125 0.8015625 0.08828125 0.79296875 0.090625 0.7859375 0.07890625 0.78515625 0.0484375 0.7765625 0.08046875 0.7765625 0.09140625 0.78828125 0.10625 0.81640625 0.109375 0.8328125 0.08515625 0.84296875 0.0796875 0.8453125 0.08984375 0.8359375 0.11328125 0.846875 0.13984375 0.86484375 0.159375 0.89296875 0.153125 0.9109375 0.17734375 0.909375 0.20234375 0.93046875 0.215625 0.95078125 0.1890625 0.96640625 0.2 0.98828125 0.1796875 1 0.17734375 1 0.09296875
0 0.7875 0.44140625 0.796875 0.47265625 0.81796875 0.4828125 0.82421875 0.45625 0.84140625 0.48125 0.85234375 0.484375 0.85625 0.44296875 0.846875 0.41640625 0.83828125 0.40625 0.82265625 0.409375 0.81640625 0.3984375 0.796875 0.38671875 0.78125 0.39140625 0.784375 0.40390625 0.7734375 0.41484375 0.771875 0.42578125 0.7875 0.44140625
0 0.72109375 0.4890625 0.734375 0.48515625 0.746875 0.50546875 0.7328125 0.52265625 0.7328125 0.53984375 0.75078125 0.559375 0.76796875 0.5609375 0.7734375 0.54453125 0.7859375 0.53515625 0.7875 0.51953125 0.796875 0.51328125 0.7984375 0.49765625 0.7859375 0.46171875 0.7640625 0.44921875 0.746875 0.41953125 0.7078125 0.43515625 0.7203125 0.44921875 0.7203125 0.46015625 0.7078125 0.47890625 0.72109375 0.4890625
0 0.51484375 0.48125 0.5015625 0.48671875 0.4953125 0.50078125 0.50390625 0.503125 0.51640625 0.4953125 0.55390625 0.5046875 0.57421875 0.490625 0.5765625 0.51015625 0.58984375 0.5375 0.61796875 0.5375 0.63515625 0.5484375 0.6453125 0.53203125 0.65 0.49765625 0.64375 0.44921875 0.653125 0.44140625 0.6609375 0.40703125 0.65078125 0.3984375 0.62265625 0.4 0.615625 0.39140625 0.584375 0.40234375 0.575 0.45234375 0.56484375 0.46875 0.53671875 0.45625 0.51484375 0.48125
0 0.61953125 0.6890625 0.634375 0.66328125 0.63125 0.63984375 0.6125 0.61328125 0.60390625 0.6140625 0.58125 0.63828125 0.5828125 0.66171875 0.59921875 0.6953125 0.61953125 0.6890625
0 1 0.49765625 0.99296875 0.5046875 0.984375 0.48984375 0.9828125 0.45859375 0.975 0.50546875 0.9515625 0.52265625 0.95625 0.54765625 0.9515625 0.56640625 0.97734375 0.5765625 0.9859375 0.58671875 0.9859375 0.63671875 0.97734375 0.675 0.9515625 0.66953125 0.95625 0.68984375 0.9390625 0.71484375 0.94765625 0.7265625 0.98984375 0.7328125 1 0.72265625 1 0.60078125 0.99375 0.58828125 1 0.58203125 1 0.49765625
0 0.290625 0.74921875 0.2890625 0.70859375 0.2765625 0.69140625 0.2859375 0.67734375 0.2859375 0.66328125 0.265625 0.62734375 0.253125 0.63359375 0.246875 0.64765625 0.2421875 0.72421875 0.24765625 0.7546875 0.290625 0.74921875
0 0.321875 0.74453125 0.3078125 0.73203125 0.290625 0.73828125 0.290625 0.75390625 0.30859375 0.7671875 0.3203125 0.76328125 0.321875 0.74453125
0 1 0.99921875 0.9953125 0.77265625 0.99375 0.73515625 0.9890625 0.73046875 0.97265625 0.73125 0.965625 0.75078125 0.9625 0.97578125 0.95703125 1 1 0.99921875
0 0.1625 0.13515625 0.15 0.13046875 0.128125 0.13671875 0.1265625 0.23359375 0.13359375 0.2609375 0.1625 0.25703125 0.1625 0.13515625
0 0.4875 0.15078125 0.48203125 0.1609375 0.47578125 0.153125 0.4734375 0.15703125 0.475 0.17578125 0.51796875 0.184375 0.58046875 0.184375 0.596875 0.16328125 0.5953125 0.09140625 0.5890625 0.08671875 0.55859375 0.090625 0.54765625 0.1 0.53046875 0.090625 0.49140625 0.0875 0.4875 0.15078125
0 0.546875 0.07734375 0.54609375 0.0875 0.49453125 0.078125 0.4859375 0.08984375 0.48203125 0.1375 0.47421875 0.13125 0.44921875 0.1359375 0.43203125 0.13125 0.42734375 0.1234375 0.4140625 0.13671875 0.41640625 0.1484375 0.425 0.14453125 0.421875 0.16171875 0.40859375 0.1609375 0.40625 0.14453125 0.39453125 0.1375 0.3828125 0.14609375 0.3828125 0.17109375 0.41328125 0.1875 0.41953125 0.171875 0.47734375 0.1828125 0.58359375 0.1828125 0.596875 0.16640625 0.5953125 0.11640625 0.615625 0.09609375 0.60859375 0.0875 0.59375 0.08515625 0.603125 0.06015625 0.5828125 0.03046875 0.5859375 0.01953125 0.5734375 0.01484375 0.5671875 0.00078125 0.5421875 0.00078125 0.5453125 0.02734375 0.534375 0.03984375 0.5328125 0.06953125 0.546875 0.07734375
0 0 0.80078125 0.03203125 0.8234375 0.04453125 0.8109375 0.05859375 0.815625 0.06875 0.78359375 0.08671875 0.778125 0.090625 0.77109375 0.0890625 0.72265625 0.0640625 0.71953125 0.0390625 0.72109375 0.02421875 0.7609375 0 0.76171875 0 0.80078125
0 0.13828125 0.9 0.146875 0.89140625 0.1484375 0.86796875 0.1390625 0.83671875 0.109375 0.83984375 0.109375 0.86484375 0.1015625 0.87734375 0.11328125 0.8953125 0.13828125 0.9
0 0.20625 0.90546875 0.15234375 0.90625 0.153125 0.95703125 0.20859375 0.9578125 0.2140625 0.91015625 0.20625 0.90546875
0 0.38984375 0.446875 0.3671875 0.44609375 0.3546875 0.45546875 0.36171875 0.471875 0.38671875 0.4703125 0.396875 0.46171875 0.38984375 0.446875
0 0.4640625 0.42734375 0.47265625 0.440625 0.484375 0.43359375 0.4765625 0.41484375 0.4640625 0.42734375
0 0.4421875 0.51796875 0.434375 0.51015625 0.42890625 0.509375 0.41875 0.52265625 0.42734375 0.5390625 0.4421875 0.52890625 0.4421875 0.51796875
0 0.4078125 0.53984375 0.41015625 0.55625 0.4203125 0.55078125 0.41875 0.53828125 0.4078125 0.53984375
0 0.575 0.28046875 0.5671875 0.28984375 0.57109375 0.2984375 0.5828125 0.29296875 0.5828125 0.28515625 0.575 0.28046875
0 0.759375 0.28359375 0.75 0.28671875 0.740625 0.33984375 0.74609375 0.346875 0.7625 0.32421875 0.759375 0.28359375