0 0 0.66796875 0.01015625 0.671875 0.10703125 0.6703125 0.30859375 0.6796875 0.45234375 0.715625 0.54140625 0.715625 0.59765625 0.696875 0.64765625 0.6984375 0.6546875 0.69296875 0.66171875 0.6484375 0.44609375 0.6265625 0.26953125 0.6328125 0.10078125 0.621875 0 0.62890625 0 0.66796875
0 0.32890625 0.7109375 0.24921875 0.7265625 0.00078125 0.721875 0 0.75234375 0.14140625 0.75625 0.23203125 0.75 0.28203125 0.753125 0.30859375 0.7640625 0.33984375 0.765625 0.37890625 0.759375 0.63671875 0.753125 0.646875 0.74765625 0.64765625 0.7328125 0.57734375 0.725 0.44453125 0.7234375 0.32890625 0.7109375
0 0.63984375 0.8125 0.52578125 0.815625 0.39609375 0.809375 0.29921875 0.815625 0.14609375 0.80625 0.09296875 0.825 0.00078125 0.8171875 0 0.83828125 0.00546875 0.8453125 0.10703125 0.84375 0.13359375 0.85 0.24140625 0.8421875 0.37890625 0.84375 0.49296875 0.8375 0.62734375 0.8421875 0.64375 0.83828125 0.64453125 0.8171875 0.63984375 0.8125
0 0.63515625 1 0.63515625 0.99375 0.62890625 0.9859375 0.45859375 0.9890625 0.09453125 0.9828125 0 0.98828125 0.00078125 1 0.63515625 1
0 0.45390625 0.9 0.39140625 0.89375 0.32578125 0.8984375 0.12109375 0.89375 0.08359375 0.9 0.00234375 0.8984375 0 0.91484375 0.06953125 0.9171875 0.11015625 0.9328125 0.14765625 0.9359375 0.21328125 0.9234375 0.39296875 0.9296875 0.48671875 0.9203125 0.63671875 0.9171875 0.63984375 0.90625 0.63203125 0.9 0.45390625 0.9
0 0.25859375 0.584375 0.66640625 0.59375 0.66796875 0.58125 0.66484375 0.5765625 0.57890625 0.5703125 0.23359375 0.55625 0.04765625 0.5421875 0 0.54921875 0.00078125 0.5671875 0.15546875 0.5890625 0.25859375 0.584375
0 0.66796875 0.48125 0.66328125 0.475 0.64453125 0.475 0.56328125 0.484375 0.51796875 0.4828125 0.49296875 0.4921875 0.46953125 0.4921875 0.38828125 0.4734375 0.34609375 0.475 0.18671875 0.4546875 0.09296875 0.4578125 0.06171875 0.4484375 0 0.45390625 0.00078125 0.484375 0.05859375 0.49375 0.54765625 0.50625 0.66015625 0.5296875 0.6671875 0.52265625 0.66796875 0.48125
0 0.23515625 0.390625 0.21328125 0.38125 0.18828125 0.384375 0.1828125 0.36171875 0.16953125 0.3546875 0.12265625 0.3484375 0 0.36484375 0.00234375 0.4203125 0.03203125 0.4265625 0.11171875 0.425 0.15234375 0.4328125 0.26484375 0.4390625 0.28203125 0.434375 0.25859375 0.425 0.253125 0.40546875 0.23515625 0.390625
0 0.06796875 0.1703125 0.03984375 0.1890625 0.00078125 0.1859375 0 0.32109375 0.08203125 0.3359375 0.10390625 0.334375 0.1078125 0.31328125 0.121875 0.29921875 0.125 0.28515625 0.121875 0.26484375 0.10625 0.24609375 0.15859375 0.2359375 0.16953125 0.228125 0.1796875 0.21640625 0.18671875 0.1828125 0.18046875 0.178125 0.06796875 0.1703125
0 0.18046875 0.1546875 0.184375 0.15703125 0.1796875 0.16640625 0.1671875 0.17109375 0.20078125 0.1765625 0.20703125 0.1546875 0.21328125 0.1546875 0.21328125 0.1609375 0.21953125 0.1546875 0.28671875 0.1609375 0.29140625 0.1546875 0.29609375 0.1609375 0.30859375 0.15625 0.31484375 0.1625 0.37578125 0.1625 0.36640625 0.16875 0.35390625 0.165625 0.353125 0.17109375 0.38984375 0.175 0.39296875 0.1796875 0.41640625 0.171875 0.41953125 0.1765625 0.43984375 0.1734375 0.68046875 0.2046875 0.6859375 0.20078125 0.68671875 0.1859375 0.68203125 0.1640625 0.53515625 0.15 0.34921875 0.1421875 0.31796875 0.134375 0.22109375 0.1265625 0.18671875 0.1296875 0.19296875 0.1203125 0.15078125 0.11875 0.08828125 0.10625 0 0.11015625 0.00390625 0.1484375 0.03203125 0.1640625 0.06640625 0.16875 0.15390625 0.1734375 0.15703125 0.15625 0.16484375 0.1546875 0.16953125 0.1625 0.18046875 0.1546875
0 0.10234375 0 0.08828125 0.0203125 0.06953125 0.0296875 0 0.02421875 0.00234375 0.05625 0.06171875 0.059375 0.09296875 0.078125 0.11796875 0.084375 0.28828125 0.0796875 0.52265625 0.0984375 0.58046875 0.109375 0.65859375 0.1109375 0.68203125 0.11875 0.68828125 0.109375 0.68515625 0.0890625 0.35546875 0.0578125 0.23359375 0.03125 0.16171875 0 0.10234375 0
0 0.70078125 0.0015625 0.378125 0.00078125 0.46640625 0.009375 0.52890625 0.046875 0.57734375 0.053125 0.63203125 0.05 0.65859375 0.040625 0.69453125 0.0453125 0.7 0.04140625 0.70078125 0.0015625
0 0.70546875 0 0.7015625 0.01171875 0.703125 0.02734375 0.71015625 0.03125 0.76015625 0.0328125 0.81484375 0.046875 0.88671875 0.0515625 0.99609375 0.0703125 0.99921875 0.0140625 0.93828125 0 0.70546875 0
0 0.99921875 0.153125 0.90703125 0.153125 0.87578125 0.165625 0.83203125 0.1609375 0.81484375 0.165625 0.8125 0.17265625 0.82109375 0.1890625 0.95703125 0.2125 0.99921875 0.2359375 0.99921875 0.153125
0 0.72734375 0.1703125 0.7109375 0.13046875 0.69921875 0.1234375 0.6890625 0.14296875 0.6875 0.17578125 0.72578125 0.178125 0.72734375 0.1703125
0 0.6890625 0.57890625 0.70546875 0.5765625 0.7125 0.56015625 0.721875 0.55546875 0.7140625 0.54453125 0.71953125 0.534375 0.75078125 0.5203125 0.82890625 0.515625 0.84140625 0.509375 0.90234375 0.5171875 0.94453125 0.4890625 0.99921875 0.49375 0.99921875 0.4203125 0.98828125 0.4234375 0.93671875 0.415625 0.90234375 0.4078125 0.89375 0.39921875 0.91796875 0.3875 0.96953125 0.3828125 0.96953125 0.378125 0.88671875 0.375 0.83203125 0.3609375 0.80859375 0.3703125 0.78984375 0.3703125 0.72421875 0.34375 0.71640625 0.3296875 0.69140625 0.3140625 0.684375 0.37421875 0.690625 0.41953125 0.684375 0.46796875 0.6890625 0.57890625
0 0.66953125 0.396875 0.66328125 0.3921875 0.58515625 0.390625 0.584375 0.42421875 0.60078125 0.43125 0.66640625 0.428125 0.66953125 0.396875
0 0.50546875 0.45 0.66796875 0.4546875 0.66796875 0.434375 0.65703125 0.428125 0.4921875 0.42265625 0.50546875 0.45