0 1 0.33203125 0.98984375 0.328125 0.89296875 0.3296875 0.69140625 0.3203125 0.54765625 0.284375 0.45859375 0.284375 0.40234375 0.303125 0.35234375 0.3015625 0.3453125 0.30703125 0.33828125 0.3515625 0.55390625 0.3734375 0.73046875 0.3671875 0.89921875 0.378125 1 0.37109375 1 0.33203125
0 0.42265625 0.275 0.55546875 0.2765625 0.67109375 0.2890625 0.75078125 0.2734375 0.99921875 0.278125 1 0.24765625 0.85859375 0.24375 0.76796875 0.25 0.71796875 0.246875 0.69140625 0.2359375 0.66015625 0.234375 0.62109375 0.240625 0.36328125 0.246875 0.353125 0.25234375 0.35234375 0.2671875 0.42265625 0.275
0 0.35625 0.16171875 0.35546875 0.1828125 0.36015625 0.1875 0.47421875 0.184375 0.60390625 0.190625 0.70078125 0.184375 0.85390625 0.19375 0.90703125 0.175 0.99921875 0.1828125 1 0.16171875 0.99453125 0.1546875 0.89296875 0.15625 0.86640625 0.15 0.75859375 0.1578125 0.62109375 0.15625 0.50703125 0.1625 0.37265625 0.1578125 0.35625 0.16171875
0 0.36484375 0 0.36484375 0.00625 0.37109375 0.0140625 0.54140625 0.0109375 0.90546875 0.0171875 1 0.01171875 0.99921875 0 0.36484375 0
0 0.36015625 0.09375 0.36796875 0.1 0.54609375 0.1 0.60859375 0.10625 0.67421875 0.1015625 0.87890625 0.10625 0.91640625 0.1 0.99765625 0.1015625 1 0.08515625 0.93046875 0.0828125 0.88984375 0.0671875 0.85234375 0.0640625 0.78671875 0.0765625 0.60703125 0.0703125 0.51328125 0.0796875 0.36328125 0.0828125 0.36015625 0.09375
0 0.99921875 0.4328125 0.84453125 0.4109375 0.74140625 0.415625 0.33359375 0.40625 0.33203125 0.41875 0.33515625 0.4234375 0.42109375 0.4296875 0.76640625 0.44375 0.95234375 0.4578125 1 0.45078125 0.99921875 0.4328125
0 0.33984375 0.4703125 0.3328125 0.47734375 0.33203125 0.51875 0.33671875 0.525 0.35546875 0.525 0.43671875 0.515625 0.48203125 0.5171875 0.50703125 0.5078125 0.53046875 0.5078125 0.61171875 0.5265625 0.65390625 0.525 0.81328125 0.5453125 0.90703125 0.5421875 0.93828125 0.5515625 1 0.54609375 0.99921875 0.515625 0.94140625 0.50625 0.45234375 0.49375 0.33984375 0.4703125
0 0.74140625 0.575 0.746875 0.59453125 0.76484375 0.609375 0.78671875 0.61875 0.81171875 0.615625 0.8171875 0.63828125 0.83046875 0.6453125 0.87734375 0.6515625 1 0.63515625 0.99765625 0.5796875 0.96796875 0.5734375 0.88828125 0.575 0.84765625 0.5671875 0.73515625 0.5609375 0.71796875 0.565625 0.74140625 0.575
0 0.81328125 0.8171875 0.81953125 0.821875 0.93203125 0.8296875 0.96015625 0.8109375 0.99921875 0.8140625 1 0.67890625 0.91796875 0.6640625 0.89609375 0.665625 0.8921875 0.68671875 0.878125 0.70078125 0.875 0.71484375 0.878125 0.73515625 0.89375 0.75390625 0.84140625 0.7640625 0.83046875 0.771875 0.8203125 0.78359375 0.81328125 0.8171875
0 0.83515625 0.8453125 0.83046875 0.8375 0.81953125 0.8453125 0.815625 0.84296875 0.8203125 0.83359375 0.8328125 0.82890625 0.79921875 0.8234375 0.79296875 0.8453125 0.78671875 0.8453125 0.78671875 0.8390625 0.78046875 0.8453125 0.71328125 0.8390625 0.70859375 0.8453125 0.70390625 0.8390625 0.69140625 0.84375 0.68515625 0.8375 0.62421875 0.8375 0.63359375 0.83125 0.64609375 0.834375 0.646875 0.82890625 0.61015625 0.825 0.60703125 0.8203125 0.58359375 0.828125 0.58046875 0.8234375 0.56015625 0.8265625 0.31953125 0.7953125 0.3140625 0.79921875 0.31328125 0.8140625 0.31796875 0.8359375 0.46484375 0.85 0.65078125 0.8578125 0.68203125 0.865625 0.77890625 0.8734375 0.81328125 0.8703125 0.80703125 0.8796875 0.84921875 0.88125 0.91171875 0.89375 1 0.88984375 0.99609375 0.8515625 0.96796875 0.8359375 0.93359375 0.83125 0.84609375 0.8265625 0.84296875 0.84375 0.83515625 0.8453125
0 0.89765625 1 0.91171875 0.9796875 0.93046875 0.9703125 1 0.97578125 0.99765625 0.94375 0.93828125 0.940625 0.90703125 0.921875 0.88203125 0.915625 0.71171875 0.9203125 0.47734375 0.9015625 0.41953125 0.890625 0.34140625 0.8890625 0.31796875 0.88125 0.31171875 0.890625 0.31484375 0.9109375 0.64453125 0.9421875 0.76640625 0.96875 0.83828125 1 0.89765625 1
0 0.30546875 0.9546875 0.3 0.95859375 0.29921875 0.9984375 0.621875 0.99921875 0.53359375 0.990625 0.47109375 0.953125 0.42265625 0.946875 0.36796875 0.95 0.34140625 0.959375 0.30546875 0.9546875
0 0.29453125 1 0.2984375 0.98828125 0.296875 0.97265625 0.28984375 0.96875 0.23984375 0.9671875 0.18515625 0.953125 0.11328125 0.9484375 0.00390625 0.9296875 0.00078125 0.9859375 0.06171875 1 0.29453125 1
0 0.04296875 0.7875 0.00078125 0.7640625 0.00078125 0.846875 0.09296875 0.846875 0.12421875 0.834375 0.16796875 0.8390625 0.18515625 0.834375 0.1875 0.82734375 0.17890625 0.8109375 0.04296875 0.7875
0 0.3125 0.82421875 0.27421875 0.821875 0.27265625 0.8296875 0.2890625 0.86953125 0.30078125 0.8765625 0.3109375 0.85703125 0.3125 0.82421875
0 0.309375 0.58046875 0.315625 0.53203125 0.3109375 0.42109375 0.29453125 0.4234375 0.2875 0.43984375 0.278125 0.44453125 0.2859375 0.45546875 0.28046875 0.465625 0.24921875 0.4796875 0.17109375 0.484375 0.15859375 0.490625 0.09765625 0.4828125 0.05546875 0.5109375 0.00078125 0.50625 0.00078125 0.5796875 0.01171875 0.5765625 0.06328125 0.584375 0.09765625 0.5921875 0.10625 0.60078125 0.08203125 0.6125 0.03046875 0.6171875 0.03046875 0.621875 0.11328125 0.625 0.16796875 0.6390625 0.19140625 0.6296875 0.21015625 0.6296875 0.27578125 0.65625 0.28359375 0.6703125 0.30859375 0.6859375 0.315625 0.62578125 0.309375 0.58046875
0 0.39921875 0.56875 0.33359375 0.571875 0.33046875 0.603125 0.33671875 0.6078125 0.41484375 0.609375 0.415625 0.57578125 0.39921875 0.56875
0 0.34296875 0.571875 0.5078125 0.57734375 0.49453125 0.55 0.33203125 0.5453125 0.33203125 0.565625 0.34296875 0.571875