0 0.321875 0.084375 0.4265625 0.16875
0 0.2296875 0.8671875 0.1953125 0.2625
0 0.2390625 0.3875 0.165625 0.10625
0 0.27734375 0.47734375 0.1734375 0.0484375
0 0.865625 0.665625 0.16875 0.075
0 0.9234375 0.7875 0.11875 0.0828125
0 0.09609375 0.50703125 0.0671875 0.9828125
0 0.825 0.48125 0.215625 0.08125
0 0.7328125 0.1328125 0.096875 0.084375
0 0.696875 0.81015625 0.090625 0.0828125
0 0.503125 0.9765625 0.09375 0.04375
0 0.8203125 0.5859375 0.125 0.053125
0 0.25390625 0.53125 0.1015625 0.0375
0 0.19375 0.5703125 0.0625 0.0375
0 0.9046875 0.1453125 0.071875 0.034375
0 0.80546875 0.92109375 0.0671875 0.0203125
0 0.9 0.9171875 0.05 0.03125
0 0.021875 0.6546875 0.04375 0.246875
0 0.01796875 0.0484375 0.0359375 0.04375
0 0.378125 0.2578125 0.1140625 0.034375