0 0.678125 0.084375 0.42578125 0.16796875
0 0.7703125 0.8671875 0.19453125 0.26171875
0 0.7609375 0.3875 0.165625 0.10546875
0 0.72265625 0.47734375 0.1734375 0.0484375
0 0.134375 0.665625 0.16796875 0.07421875
0 0.0765625 0.7875 0.11796875 0.08203125
0 0.90390625 0.50703125 0.0671875 0.9828125
0 0.175 0.48125 0.21640625 0.08125
0 0.2671875 0.1328125 0.09609375 0.084375
0 0.303125 0.81015625 0.08984375 0.0828125
0 0.496875 0.9765625 0.09453125 0.04453125
0 0.1796875 0.5859375 0.125 0.05234375
0 0.74609375 0.53125 0.1015625 0.03671875
0 0.80625 0.5703125 0.06328125 0.0375
0 0.0953125 0.1453125 0.071875 0.03359375
0 0.19453125 0.92109375 0.0671875 0.0203125
0 0.1 0.9171875 0.05 0.03046875
0 0.978125 0.6546875 0.04296875 0.24765625
0 0.98203125 0.0484375 0.0359375 0.04296875
0 0.621875 0.2578125 0.11328125 0.034375