0 0.915625 0.678125 0.16875 0.425
0 0.1328125 0.7703125 0.2625 0.1953125
0 0.6125 0.7609375 0.10625 0.165625
0 0.52265625 0.72265625 0.0484375 0.1734375
0 0.334375 0.134375 0.075 0.16875
0 0.2125 0.0765625 0.08125 0.11875
0 0.49296875 0.90390625 0.9828125 0.0671875
0 0.51875 0.175 0.08125 0.215625
0 0.8671875 0.2671875 0.084375 0.096875
0 0.18984375 0.303125 0.0828125 0.090625
0 0.0234375 0.496875 0.04375 0.09375
0 0.4140625 0.1796875 0.053125 0.125
0 0.46875 0.74609375 0.0375 0.1015625
0 0.4296875 0.80625 0.0375 0.0625
0 0.8546875 0.0953125 0.034375 0.071875
0 0.07890625 0.19453125 0.0203125 0.0671875
0 0.0828125 0.1 0.03125 0.05
0 0.3453125 0.978125 0.246875 0.04375
0 0.9515625 0.98203125 0.04375 0.0359375
0 0.7421875 0.621875 0.034375 0.1125