0 0.3578125 0.7125 0.12734375 0.571875
0 0.6203125 0.6390625 0.09609375 0.19453125
0 0.084375 0.71875 0.03828125 0.40625
0 0.034375 0.6890625 0.0625 0.61328125
0 0.38671875 0.275 0.0765625 0.09609375
0 0.38359375 0.040625 0.0359375 0.08125
0 0.81875 0.7609375 0.05 0.47734375
0 0.740625 0.75234375 0.08203125 0.4015625
0 0.878125 0.4828125 0.08125 0.06328125
0 0.85859375 0.3734375 0.0328125 0.06796875
0 0.24921875 0.41015625 0.0421875 0.0828125
0 0.2421875 0.59765625 0.05625 0.1484375
0 0.18125 0.8421875 0.12265625 0.31328125
0 0.77109375 0.03359375 0.0390625 0.0671875