0 0.7109375 0.35625 0.571875 0.128125
0 0.6390625 0.6203125 0.19375 0.096875
0 0.68203125 0.059375 0.6296875 0.1125
0 0.275 0.38671875 0.096875 0.0765625
0 0.7375 0.8109375 0.50625 0.0515625
0 0.39296875 0.87421875 0.2109375 0.0828125
0 0.02890625 0.759375 0.0578125 0.028125
0 0.1703125 0.0609375 0.3375 0.08125
0 0.65546875 0.190625 0.6484375 0.140625
0 0.375 0.3734375 0.0875 0.109375
0 0.0453125 0.28125 0.090625 0.31875
0 0.82890625 0.7375 0.3171875 0.0828125
0 0.5578125 0.72578125 0.090625 0.0734375