0 0.64375 0.2890625 0.12734375 0.571875
0 0.3796875 0.3609375 0.09609375 0.19453125
0 0.940625 0.31796875 0.11328125 0.6296875
0 0.61328125 0.725 0.0765625 0.09609375
0 0.1890625 0.2625 0.05078125 0.50625
0 0.12578125 0.60703125 0.0828125 0.2109375
0 0.240625 0.97109375 0.02890625 0.0578125
0 0.9390625 0.8296875 0.08203125 0.3375
0 0.809375 0.34453125 0.13984375 0.6484375
0 0.6265625 0.625 0.10859375 0.08671875
0 0.71875 0.9546875 0.31796875 0.090625
0 0.2625 0.17109375 0.08203125 0.3171875
0 0.27421875 0.4421875 0.0734375 0.08984375