0 0.31796875 0.8671875 0.27109375 0.853125 0.25078125 0.853125 0.246875 0.86171875 0.30703125 0.8828125 0.34921875 0.884375 0.40078125 0.8734375 0.41796875 0.8796875 0.47578125 0.871875 0.51640625 0.875 0.56640625 0.853125 0.59453125 0.8515625 0.61796875 0.8578125 0.6265625 0.85390625 0.62421875 0.8453125 0.60390625 0.840625 0.5859375 0.82734375 0.54765625 0.83125 0.52265625 0.84375 0.40078125 0.840625 0.35859375 0.8703125 0.31796875 0.8671875
0 0.61953125 0.590625 0.56171875 0.578125 0.5515625 0.58671875 0.61796875 0.628125 0.72890625 0.6296875 0.77890625 0.64375 0.834375 0.59453125 0.84765625 0.571875 0.86875 0.57109375 0.8671875 0.55078125 0.8546875 0.54140625 0.81171875 0.546875 0.80234375 0.5734375 0.74765625 0.578125 0.71953125 0.590625 0.61953125 0.590625
0 0.61171875 0.590625 0.56171875 0.578125 0.5515625 0.58671875 0.62265625 0.6296875 0.72890625 0.6296875 0.78046875 0.64375 0.834375 0.59453125 0.84765625 0.571875 0.8671875 0.56953125 0.8671875 0.55078125 0.853125 0.54140625 0.81171875 0.546875 0.80546875 0.571875 0.74765625 0.578125 0.71953125 0.590625 0.61171875 0.590625
0 0.87265625 0.5765625 0.88828125 0.56875 0.92890625 0.56875 0.9375 0.56015625 0.9375 0.48203125 0.9296875 0.48046875 0.88984375 0.4828125 0.85625 0.49921875 0.85 0.53671875 0.865625 0.54765625 0.87265625 0.5765625
0 0.22734375 0.346875 0.2109375 0.34609375 0.1546875 0.34921875 0.15703125 0.4109375 0.2296875 0.41015625 0.2328125 0.35703125 0.22734375 0.346875
0 0.134375 0.38515625 0.01015625 0.3859375 0.009375 0.48828125 0.14140625 0.4890625 0.14375 0.39140625 0.134375 0.38515625
0 0.21640625 0.5078125 0.20078125 0.5046875 0.196875 0.51328125 0.21328125 0.528125 0.24453125 0.5328125 0.25546875 0.553125 0.26796875 0.5375 0.27890625 0.5328125 0.284375 0.53828125 0.29375 0.61171875 0.30234375 0.63125 0.29375 0.50859375 0.32421875 0.5125 0.3328125 0.50234375 0.31484375 0.5 0.3 0.47421875 0.2859375 0.48046875 0.2796875 0.49921875 0.26015625 0.5203125 0.23828125 0.5015625 0.21640625 0.5078125
0 0.18203125 0.6859375 0.18828125 0.675 0.1921875 0.67734375 0.1828125 0.71171875 0.1765625 0.71171875 0.18125 0.76015625 0.1671875 0.78046875 0.159375 0.82578125 0.1625 0.88671875 0.1765625 0.91328125 0.175 0.94921875 0.15859375 1 0.234375 0.99921875 0.2375 0.94453125 0.23125 0.82578125 0.240625 0.75234375 0.2359375 0.66171875 0.2296875 0.64140625 0.21796875 0.640625 0.20234375 0.6640625 0.19140625 0.6640625 0.18125 0.67734375 0.18203125 0.6859375
0 0.23359375 1 0.2375 0.94609375 0.23125 0.83203125 0.2421875 0.76015625 0.234375 0.69765625 0.2328125 0.60859375 0.20859375 0.5625 0.18984375 0.559375 0.15703125 0.5734375 0.15625 0.54765625 0.14921875 0.5484375 0.14609375 0.5390625 0.1421875 0.54296875 0.1390625 0.51796875 0.1078125 0.51484375 0.10390625 0.525 0.09921875 0.5140625 0.0921875 0.51640625 0.0859375 0.63046875 0.0796875 0.66953125 0.06875 0.68671875 0.06875 0.77421875 0.0484375 0.94765625 0.0515625 0.99453125 0.05390625 1 0.23359375 1
0 0.43203125 0.8671875 0.42734375 0.8609375 0.42421875 0.8671875 0.39609375 0.86875 0.37421875 0.878125 0.371875 0.88203125 0.3828125 0.89296875 0.38125 0.99921875 0.56640625 1 0.5765625 0.96953125 0.5828125 0.96640625 0.575 0.95234375 0.5765625 0.87265625 0.571875 0.86171875 0.5765625 0.85703125 0.5625 0.85234375 0.49609375 0.8703125 0.45390625 0.871875 0.43984375 0.86875 0.43515625 0.8609375 0.43203125 0.8671875
0 0.0734375 0.35859375 0.08359375 0.3796875 0.11171875 0.38125 0.14140625 0.371875 0.15546875 0.34375 0.22734375 0.34375 0.2375 0.31015625 0.2359375 0.23671875 0.2421875 0.22109375 0.25234375 0.2109375 0.26796875 0.2078125 0.27109375 0.2 0.27421875 0.2078125 0.2796875 0.20703125 0.2875 0.24140625 0.29453125 0.24375 0.3109375 0.21484375 0.33125 0.20546875 0.3421875 0.18203125 0.34375 0.13046875 0.3625 0.06171875 0.3625 0.00078125 0.06875 0.00078125 0.075 0.02578125 0.0765625 0.09296875 0.071875 0.31953125 0.0734375 0.35859375
0 0.590625 0.03359375 0.5921875 0.00078125 0.5328125 0.00234375 0.55390625 0.0390625 0.56796875 0.0265625 0.58515625 0.0375 0.590625 0.03359375
0 0.45 0.09609375 0.4453125 0.11953125 0.45 0.12421875 0.4484375 0.19921875 0.4546875 0.23828125 0.45 0.24609375 0.4546875 0.25546875 0.45 0.26171875 0.45625 0.26953125 0.45 0.27890625 0.45625 0.28359375 0.45 0.29140625 0.45234375 0.296875 0.45625 0.29140625 0.45625 0.30234375 0.4484375 0.30859375 0.45234375 0.3125 0.45625 0.30703125 0.45625 0.33203125 0.45 0.34140625 0.4578125 0.34453125 0.44375 0.35234375 0.434375 0.37890625 0.4265625 0.38515625 0.42421875 0.4125 0.42109375 0.365625 0.415625 0.37265625 0.41875 0.39453125 0.4125 0.40078125 0.4125 0.43515625 0.41875 0.48984375 0.4125 0.49296875 0.4140625 0.50546875 0.40546875 0.50625 0.403125 0.51328125 0.415625 0.52109375 0.41640625 0.5328125 0.4328125 0.53359375 0.4296875 0.54453125 0.4359375 0.55078125 0.4265625 0.56328125 0.4328125 0.56640625 0.4265625 0.57265625 0.4328125 0.58515625 0.42578125 0.59375 0.4234375 0.57109375 0.415625 0.57109375 0.409375 0.59609375 0.415625 0.59921875 0.4109375 0.60078125 0.4125 0.61015625 0.43203125 0.6078125 0.434375 0.62421875 0.44296875 0.628125 0.45546875 0.6234375 0.48515625 0.6265625 0.48671875 0.640625 0.509375 0.64453125 0.48671875 0.6484375 0.49140625 0.6546875 0.51484375 0.65625 0.5203125 0.65078125 0.5125 0.64609375 0.51796875 0.640625 0.54140625 0.6390625 0.5453125 0.63515625 0.5359375 0.63046875 0.5484375 0.61953125 0.540625 0.61328125 0.55 0.60703125 0.5390625 0.59921875 0.5546875 0.39140625 0.5484375 0.29296875 0.5546875 0.27421875 0.5578125 0.21171875 0.5671875 0.19140625 0.565625 0.15703125 0.57265625 0.1625 0.575 0.15859375 0.5734375 0.14609375 0.5671875 0.14453125 0.5671875 0.12890625 0.575 0.12734375 0.57734375 0.1140625 0.58125 0.12109375 0.5875 0.10234375 0.590625 0.00078125 0.46328125 0 0.4484375 0.02734375 0.45 0.08046875 0.44375 0.08828125 0.45 0.09609375