0 0.8203125 0.43828125 0.809375 0.66015625 0.8109375 0.99921875 1 0.99921875 0.99921875 0 0.8078125 0.00078125 0.8078125 0.22734375 0.8203125 0.43828125
0 0.6828125 0.28671875 0.66171875 0.246875 0.65 0.25546875 0.64375 0.33828125 0.6359375 0.36640625 0.65 0.41640625 0.6734375 0.41328125 0.675 0.39453125 0.6828125 0.38359375 0.675 0.30234375 0.6828125 0.28671875
0 0.678125 0.43671875 0.6734375 0.40390625 0.6828125 0.38046875 0.675 0.30703125 0.68125 0.28203125 0.66171875 0.2484375 0.65 0.25859375 0.64375 0.34453125 0.6359375 0.36953125 0.65 0.42421875 0.6453125 0.44453125 0.65 0.45859375 0.6421875 0.47890625 0.6515625 0.51171875 0.6578125 0.51484375 0.671875 0.50703125 0.7171875 0.44921875 0.715625 0.43671875 0.70546875 0.43125 0.678125 0.43671875
0 0.6125 0.47109375 0.62734375 0.45625 0.64609375 0.4609375 0.6484375 0.45546875 0.6390625 0.43203125 0.62265625 0.415625 0.58984375 0.421875 0.56953125 0.434375 0.5515625 0.45546875 0.5515625 0.52578125 0.56953125 0.5515625 0.584375 0.55390625 0.62421875 0.5484375 0.6375 0.52734375 0.6359375 0.50234375 0.615625 0.48203125 0.6125 0.47109375
0 0.52734375 0.490625 0.5125 0.50546875 0.5125 0.52265625 0.534375 0.60859375 0.540625 0.60390625 0.54375 0.56171875 0.5546875 0.53046875 0.5515625 0.49609375 0.52734375 0.490625
0 0.44765625 0.4421875 0.4171875 0.46015625 0.41953125 0.4734375 0.44140625 0.4765625 0.4578125 0.49765625 0.47890625 0.496875 0.50234375 0.4875 0.50625 0.46640625 0.46484375 0.440625 0.44765625 0.4421875
0 0.446875 0.50390625 0.4421875 0.52890625 0.45625 0.55390625 0.465625 0.54609375 0.4703125 0.51640625 0.4640625 0.50234375 0.45390625 0.4984375 0.446875 0.50390625
0 0.490625 0.51953125 0.503125 0.51328125 0.49765625 0.4921875 0.484375 0.49921875 0.484375 0.51328125 0.490625 0.51953125
0 0.6 0.74609375 0.61484375 0.7640625 0.63125 0.73984375 0.6375 0.71484375 0.6265625 0.65703125 0.60234375 0.6375 0.58515625 0.6421875 0.5453125 0.68359375 0.565625 0.71015625 0.575 0.73515625 0.5796875 0.84140625 0.5625 0.85859375 0.55625 0.87421875 0.5703125 0.89765625 0.57578125 0.8984375 0.5875 0.88359375 0.5890625 0.85703125 0.5984375 0.84296875 0.6 0.74609375
0 0.4015625 0.87265625 0.403125 0.89140625 0.409375 0.89609375 0.41953125 0.8921875 0.4265625 0.88046875 0.41484375 0.8609375 0.40703125 0.8625 0.4015625 0.87265625
0 0.11875 0.88203125 0.1140625 0.99921875 0.134375 0.99921875 0.140625 0.88828125 0.13046875 0.8703125 0.1203125 0.87421875 0.11875 0.88203125
0 0.16171875 0.715625 0.1578125 0.72421875 0.1671875 0.75078125 0.17421875 0.7515625 0.184375 0.73828125 0.184375 0.72265625 0.17421875 0.7125 0.16171875 0.715625
0 0.10546875 0.0046875 0.07578125 0 0.0421875 0.00859375 0.04375 0.05546875 0.04921875 0.0640625 0.1234375 0.06640625 0.15078125 0.0671875 0.1671875 0.05859375 0.165625 0.00859375 0.16015625 0 0.10546875 0.0046875
0 0.19921875 0.0234375 0.1984375 0.05703125 0.2171875 0.06484375 0.23046875 0.065625 0.2390625 0.05859375 0.234375 0.02578125 0.20546875 0.0296875 0.19921875 0.0234375
0 0.240625 0.04921875 0.2296875 0.09140625 0.23515625 0.1046875 0.246875 0.10546875 0.2609375 0.10234375 0.2609375 0.06796875 0.29765625 0.0671875 0.29921875 0.0484375 0.240625 0.04921875