0 0.88828125 0 0.86953125 0.0109375 0.8703125 0.00390625 0.86015625 0 0.8078125 0.00078125 0.8078125 0.22265625 0.8203125 0.43203125 0.809375 0.65703125 0.8109375 0.99921875 1 0.99921875 0.99921875 0 0.88828125 0
0 0.71875 0.38984375 0.71875 0.27890625 0.703125 0.25546875 0.69296875 0.25 0.6859375 0.25546875 0.6796875 0.28671875 0.678125 0.34765625 0.671875 0.36796875 0.678125 0.42890625 0.66328125 0.4359375 0.65390625 0.4328125 0.64375 0.44140625 0.6484375 0.46015625 0.6953125 0.51640625 0.7078125 0.51328125 0.7140625 0.49609375 0.7203125 0.44140625 0.7140625 0.40390625 0.71875 0.38984375
0 0.56640625 0.4078125 0.5453125 0.41171875 0.54453125 0.4390625 0.53203125 0.43125 0.51640625 0.43125 0.50625 0.43984375 0.5125 0.46015625 0.5578125 0.51484375 0.571875 0.51171875 0.5828125 0.46484375 0.5765625 0.45234375 0.578125 0.41484375 0.56640625 0.4078125
0 0.62421875 0.4171875 0.60390625 0.4140625 0.590625 0.42265625 0.5859375 0.44296875 0.59296875 0.45625 0.60625 0.46328125 0.609375 0.47578125 0.590625 0.49609375 0.584375 0.52265625 0.59921875 0.55 0.62265625 0.55 0.634375 0.56953125 0.6515625 0.56640625 0.659375 0.53828125 0.6359375 0.53203125 0.634375 0.42578125 0.62421875 0.4171875
0 0.58671875 0.6375 0.56875 0.65078125 0.5609375 0.66484375 0.5515625 0.71015625 0.5578125 0.73671875 0.57578125 0.765625 0.5921875 0.74609375 0.5921875 0.83203125 0.6015625 0.85546875 0.6125 0.84609375 0.6171875 0.73046875 0.640625 0.68515625 0.60390625 0.6390625 0.58671875 0.6375
0 0.21015625 0 0.2 0.01796875 0.2 0.03515625 0.2140625 0.06328125 0.23671875 0.0640625 0.24375 0.05078125 0.23359375 0 0.21015625 0
0 0.24140625 0.0640625 0.23125 0.08046875 0.2453125 0.12265625 0.259375 0.12265625 0.2640625 0.10390625 0.2640625 0.07421875 0.25390625 0.0625 0.24140625 0.0640625
0 0.07421875 0 0.0359375 0.00859375 0.0390625 0.04453125 0.05078125 0.0625 0.128125 0.06640625 0.1703125 0.06015625 0.16328125 0 0.07421875 0
0 0.153125 0.10234375 0.1625 0.11640625 0.175 0.11015625 0.18125 0.09453125 0.17265625 0.0625 0.1546875 0.07265625 0.153125 0.10234375
0 0.2921875 0.33046875 0.26953125 0.296875 0.2625 0.39609375 0.2703125 0.46015625 0.28203125 0.4609375 0.3078125 0.44609375 0.2828125 0.42734375 0.2796875 0.38046875 0.2921875 0.33046875
0 0.1890625 0.75390625 0.18671875 0.7078125 0.15 0.71015625 0.1515625 0.75390625 0.1890625 0.75390625