0 0.8203125 0.42421875 0.81875 0.54453125 0.809375 0.66328125 0.8109375 0.99921875 1 0.99921875 0.99921875 0 0.8078125 0.00078125 0.8078125 0.22109375 0.8203125 0.42421875
0 0.60078125 0.5484375 0.62265625 0.55 0.6359375 0.53203125 0.6375 0.50546875 0.6140625 0.47890625 0.6140625 0.46796875 0.62578125 0.4578125 0.64609375 0.465625 0.65 0.45546875 0.6375 0.42890625 0.62265625 0.415625 0.59453125 0.41875 0.56796875 0.434375 0.55 0.46015625 0.55 0.48984375 0.52421875 0.4921875 0.5140625 0.50390625 0.5125 0.52109375 0.525 0.58046875 0.5359375 0.60703125 0.5453125 0.55703125 0.55546875 0.5359375 0.57109375 0.553125 0.59140625 0.55625 0.60078125 0.5484375
0 0.69296875 0.43125 0.68359375 0.4390625 0.678125 0.43515625 0.6765625 0.40234375 0.684375 0.36640625 0.6734375 0.26484375 0.66640625 0.25 0.6546875 0.25546875 0.640625 0.28359375 0.6453125 0.30859375 0.640625 0.38671875 0.6484375 0.40546875 0.646875 0.44765625 0.6515625 0.45859375 0.64375 0.48359375 0.6546875 0.51328125 0.6671875 0.51171875 0.7171875 0.44765625 0.7140625 0.43515625 0.70546875 0.43125 0.69296875 0.43125
0 0.62265625 0.64375 0.61015625 0.6375 0.59296875 0.6421875 0.5796875 0.65546875 0.5671875 0.69609375 0.575 0.74140625 0.5890625 0.76171875 0.60390625 0.7421875 0.6296875 0.73046875 0.640625 0.70546875 0.6390625 0.66640625 0.62265625 0.64375
0 0.45078125 0.440625 0.42109375 0.45625 0.415625 0.46796875 0.42265625 0.475 0.44140625 0.4765625 0.4609375 0.49921875 0.50078125 0.4875 0.50625 0.46640625 0.48203125 0.45625 0.46484375 0.440625 0.45078125 0.440625
0 0.50625 0.47734375 0.50078125 0.4609375 0.48046875 0.4546875 0.46484375 0.440625 0.45078125 0.440625 0.415625 0.46328125 0.41796875 0.4734375 0.44296875 0.478125 0.453125 0.49140625 0.4421875 0.52890625 0.45625 0.55390625 0.4625 0.55234375 0.4703125 0.53203125 0.465625 0.49921875 0.49765625 0.4890625 0.50625 0.47734375
0 0.4921875 0.51953125 0.503125 0.51328125 0.49765625 0.4921875 0.484375 0.49921875 0.484375 0.51328125 0.4921875 0.51953125
0 0.3515625 0.46171875 0.3671875 0.48046875 0.38125 0.47578125 0.384375 0.45390625 0.36328125 0.4421875 0.3515625 0.45234375 0.3515625 0.46171875
0 0.2921875 0.33203125 0.26953125 0.2984375 0.2625 0.40859375 0.271875 0.46171875 0.30390625 0.453125 0.3078125 0.44453125 0.2828125 0.42734375 0.2796875 0.37890625 0.2921875 0.33203125
0 0.1375 0.00703125 0.1359375 0.05546875 0.1484375 0.06484375 0.25234375 0.0625 0.2578125 0.05546875 0.2609375 0.00078125 0.14296875 0 0.1375 0.00703125
0 0.1296875 0.06796875 0.125 0.07890625 0.125 0.09765625 0.1359375 0.11484375 0.14453125 0.115625 0.1515625 0.10390625 0.15 0.07265625 0.13984375 0.0640625 0.1296875 0.06796875
0 0.0625 0.03984375 0.06875 0.06484375 0.1 0.06015625 0.10625 0.02109375 0.09609375 0 0.0703125 0.00390625 0.0625 0.03984375
0 0.04609375 0.065625 0.040625 0.07265625 0.0484375 0.12265625 0.059375 0.11640625 0.071875 0.09609375 0.071875 0.07265625 0.06171875 0.0640625 0.04609375 0.065625
0 0.10625 0.01796875 0.09765625 0 0.06875 0.00390625 0.0640625 0.03359375 0.05390625 0.046875 0 0.04609375 0.00078125 0.06875 0.0421875 0.07109375 0.0421875 0.09921875 0.05 0.11796875 0.0671875 0.10390625 0.07265625 0.0671875 0.11875 0.06328125 0.1046875 0.04453125 0.10625 0.01796875
0 0.13125 0.05390625 0.13984375 0.0625 0.1609375 0.06640625 0.25234375 0.0640625 0.2625 0.04765625 0.2625 0.00078125 0.13984375 0.0015625 0.13125 0.05390625
0 0.596875 0.25703125 0.59453125 0.1828125 0.559375 0.18515625 0.5625 0.26015625 0.596875 0.25703125
0 0.490625 0.25390625 0.475 0.32890625 0.475 0.36484375 0.4859375 0.38046875 0.50390625 0.3796875 0.5078125 0.37421875 0.509375 0.25703125 0.50390625 0.2484375 0.490625 0.25390625