0 0.99921875 1 1 0.00078125 0.8109375 0.00078125 0.809375 0.34296875 0.8203125 0.56796875 0.8078125 0.77734375 0.8078125 0.99921875 0.86015625 1 0.8703125 0.99609375 0.86953125 0.9890625 0.88828125 1 0.99921875 1
0 0.6953125 0.48359375 0.6484375 0.53984375 0.64375 0.55859375 0.65390625 0.5671875 0.66328125 0.5640625 0.678125 0.57109375 0.671875 0.63203125 0.678125 0.65234375 0.6796875 0.71328125 0.6859375 0.74453125 0.69296875 0.75 0.703125 0.74453125 0.71875 0.72109375 0.71875 0.61015625 0.7140625 0.59609375 0.7203125 0.55859375 0.7140625 0.50390625 0.7078125 0.48671875 0.6953125 0.48359375
0 0.5453125 0.58828125 0.56640625 0.5921875 0.578125 0.58515625 0.5765625 0.54765625 0.5828125 0.53515625 0.571875 0.48828125 0.5578125 0.48515625 0.5125 0.53984375 0.50625 0.56015625 0.51640625 0.56875 0.53203125 0.56875 0.54453125 0.5609375 0.5453125 0.58828125
0 0.59921875 0.45 0.584375 0.47734375 0.590625 0.50390625 0.609375 0.52421875 0.60625 0.53671875 0.59296875 0.54375 0.5859375 0.55703125 0.590625 0.57734375 0.60390625 0.5859375 0.62421875 0.5828125 0.634375 0.57421875 0.6359375 0.46796875 0.659375 0.46171875 0.6515625 0.43359375 0.634375 0.43046875 0.62265625 0.45 0.59921875 0.45
0 0.5515625 0.28984375 0.5609375 0.33515625 0.56875 0.34921875 0.58671875 0.3625 0.60390625 0.3609375 0.640625 0.31484375 0.6171875 0.26953125 0.6125 0.15390625 0.6015625 0.14453125 0.5921875 0.16796875 0.5921875 0.25390625 0.57578125 0.234375 0.5578125 0.26328125 0.5515625 0.28984375
0 0.23359375 1 0.24375 0.94921875 0.23671875 0.9359375 0.2140625 0.93671875 0.2 0.96484375 0.2 0.98203125 0.21015625 1 0.23359375 1
0 0.2640625 0.92578125 0.2640625 0.89609375 0.259375 0.87734375 0.2453125 0.87734375 0.23125 0.91953125 0.24140625 0.9359375 0.25390625 0.9375 0.2640625 0.92578125
0 0.16328125 1 0.1703125 0.93984375 0.128125 0.93359375 0.05078125 0.9375 0.0390625 0.95546875 0.0359375 0.99140625 0.07421875 1 0.16328125 1
0 0.1625 0.88359375 0.153125 0.89765625 0.1546875 0.92734375 0.17265625 0.9375 0.18125 0.90546875 0.175 0.88984375 0.1625 0.88359375
0 0.26953125 0.703125 0.2921875 0.66953125 0.2796875 0.61953125 0.2828125 0.57265625 0.3078125 0.55390625 0.28203125 0.5390625 0.2703125 0.53984375 0.2625 0.60390625 0.26953125 0.703125
0 0.18671875 0.2921875 0.1890625 0.24609375 0.1515625 0.24609375 0.15 0.28984375 0.18671875 0.2921875