0 0.4715686274509804 0.06085511982570806 0.9431372549019608 0.09338235294117646
0 0.5018382352941176 0.8447712418300654 0.9963235294117647 0.3104575163398693
0 0.02696078431372549 0.3520642701525055 0.05392156862745098 0.686693899782135
0 0.13590686274509803 0.3569607843137254 0.05367647058823529 0.6856045751633987
0 0.25049019607843137 0.35478758169934643 0.04019607843137255 0.6812472766884532
0 0.3656862745098039 0.3485294117647059 0.025490196078431372 0.6632843137254901
0 0.4806372549019608 0.353425925925926 0.025 0.6839705882352941
0 0.5863970588235294 0.35043028322440084 0.023284313725490197 0.6725381263616558
0 0.696078431372549 0.35587145969498907 0.0392156862745098 0.6834259259259259
0 0.8058823529411765 0.3485294117647059 0.045098039215686274 0.6632843137254901
0 0.9387254901960784 0.35859477124183 0.08333333333333333 0.677979302832244